AAS 103 003 2100111140
AAS 103 003 039332043X
AAS 103 003 0226520749
AAS 103 003 0521717795
AAS 103 003 0812220498
AAS 103 003 0385525966
AAS 104 001 0230618871
AAS 111 001 0451528247
AAS 111 001 1405849428
AAS 111 001 0521001358
AAS 115 001 0967958768
AAS 115 003 0967958768
AAS 215 001 1597030104
AAS 303 001 155553063X
AAS 303 001 074324754X
AAS 303 001 0520251164
AAS 305 001 1573226068
AAS 305 001 0807847429
AAS 305 001 0674018265
AAS 305 001 081352203X
AAS 305 001 1565129768
AAS 305 001 1588260852
AAS 322 001 2100111140
AAS 322 001 0199562482
AAS 322 001 0814715370
AAS 337 001 0312116950
AAS 337 001 0393317080
AAS 337 001 014042430X
AAS 337 001 0312442661
AAS 337 001 0767901118
AAS 358 001 2100111116
AAS 360 001 0807856967
AAS 360 001 1930163002
AAS 408 001 0435080172
AAS 408 001 0312127731
AAS 408 001 0415480396
AAS 444 001 9766210314
AAS 444 001 0521359775
AAS 458 001 0449004392
AAS 458 001 0312240503
AAS 458 001 0143117157
AAS 458 002 0679732268
AAS 458 002 0060935464
AAS 458 002 0061120065
AAS 458 002 0156028352
AAS 458 002 038531387X
AAS 458 003 0801473039
AAS 458 003 019956051X
AAS 462 001 0226771679
AAS 462 001 081666546X
AAS 476 001 2100111116
AAS 495 003 0679761594
AAS 495 003 0805079335
AAS 558 001 1573226068
AAS 558 001 0807847429
AAS 558 001 0674018265
AAS 558 001 081352203X
AAS 558 001 1588260852
AAS 558 001 0804751056
AAS 629 001 081392927X
AAS 629 001 0821416995
AAS 629 001 0521156297
AAS 629 001 0253215889
AAS 629 001 0521779227
AAS 629 001 025322280X
AAS 629 001 0821419188
AAS 629 001 0821411357
AAS 629 001 0822337681
AMCULT 100 001 0312257376
AMCULT 100 001 1400033411
AMCULT 100 001 0842028293
AMCULT 100 001 0393340392
AMCULT 100 001 1592405738
AMCULT 103 003 067974472X
AMCULT 103 003 0912607009
AMCULT 103 003 1400048575
AMCULT 204 003 0809015811
AMCULT 204 003 0674022572
AMCULT 204 003 0807857718
AMCULT 204 004 081351164X
AMCULT 204 004 0312111517
AMCULT 204 004 0520082745
AMCULT 204 004 0307386627
AMCULT 204 004 0143105183
AMCULT 204 004 1438425406
AMCULT 204 004 0312154372
AMCULT 205 001 0679776508
AMCULT 205 001 0892552905
AMCULT 205 001 0743273567
AMCULT 205 001 0393979539
AMCULT 205 001 0307278441
AMCULT 205 006 0813029716
AMCULT 209 001 0195396308
AMCULT 213 001 1594483299
AMCULT 213 001 1585445649
AMCULT 213 001 0816640920
AMCULT 213 001 0226894320
AMCULT 217 001 1565844025
AMCULT 219 001 0393972232
AMCULT 219 001 0195395026
AMCULT 240 001 0073404306
AMCULT 270 001 0520070631
AMCULT 270 001 0395964199
AMCULT 270 001 0534627390
AMCULT 301 003 0691121869
AMCULT 301 003 0520269241
AMCULT 301 003 1604611332
AMCULT 301 003 0814334695
AMCULT 301 007 0452264634
AMCULT 301 007 0684811952
AMCULT 301 007 0807004235
AMCULT 301 007 0826412769
AMCULT 301 007 0807737003
AMCULT 301 007 1400052459
AMCULT 301 007 0738204331
AMCULT 301 007 1565846664
AMCULT 304 001 0534214444
AMCULT 328 001 0060972459
AMCULT 328 001 0140089373
AMCULT 328 001 0826304699
AMCULT 328 001 0143104918
AMCULT 328 001 0143105183
AMCULT 328 001 0061787426
AMCULT 328 001 1438425406
AMCULT 328 001 0061859974
AMCULT 353 001 1566397537
AMCULT 353 001 1885030320
AMCULT 369 001 0306810247
AMCULT 369 001 0312425791
AMCULT 369 001 0252072952
AMCULT 369 001 0807843164
AMCULT 369 001 0807853992
AMCULT 369 001 0816644233
AMCULT 369 001 0307389979
AMCULT 381 001 0252076516
AMCULT 405 004 0674027647
AMCULT 405 004 1595584560
AMCULT 405 005 0060524278
AMCULT 405 005 0393337502
AMCULT 405 005 0252076761
AMCULT 498 001 1595620176
AMCULT 498 001 0375422854
AMCULT 498 003 2100111116
AMCULT 498 004 0631223193
AMCULT 498 004 0262531143
AMCULT 498 004 0976605457
AMCULT 498 004 1879903326
AMCULT 601 001 0226769674
AMCULT 601 001 0231119437
AMCULT 601 001 0816629315
AMCULT 601 001 1595584986
AMCULT 601 001 0813534208
AMCULT 601 001 0822333414
AMCULT 601 001 0816639191
AMCULT 601 001 081355053X
AMCULT 601 001 1558499032
AMCULT 601 002 019509641X
AMCULT 601 002 0822341573
AMCULT 601 002 0807871842
AMCULT 601 002 0520213807
AMCULT 601 002 0674027604
AMCULT 601 002 0674001931
ANTHRARC 384 001 1405149116
ANTHRARC 384 001 0631235817
ANTHRARC 394 001 046509225X
ANTHRARC 394 001 0226065669
ANTHRARC 398 001 046509225X
ANTHRARC 398 001 0226065669
ANTHRCUL 325 001 088133717X
ANTHRCUL 325 001 1577664353
ANTHRO 202 001 0867196025
ANTHRO 202 001 0801486653
ANTHRO 202 001 086719619X
ANTHRO 222 001 0374525641
ANTHRO 222 001 1588340325
ANTHRO 222 001 0520249704
ANTHRO 246 001 1405136146
ANTHRO 246 001 0691139172
ANTHRO 282 001 050028637X
ANTHRO 282 001 0500289123
ANTHRO 319 001 0520089294
ANTHRO 319 001 1588340325
ANTHRO 319 001 0520235975
ANTHRO 319 001 0521612985
ANTHRO 330 001 0618619550
ANTHRO 330 001 0520240766
ANTHRO 330 001 0804753423
ANTHRO 333 001 0121026523
ANTHRO 333 001 0871542684
ANTHRO 346 001 0822322919
ANTHRO 346 001 0195125126
ANTHRO 346 001 0521527317
ANTHRO 346 001 0807070734
ANTHRO 346 001 1405183683
ANTHRO 346 001 0300158548
ANTHRO 354 001 0465018602
ANTHRO 354 001 1595821538
ANTHRO 384 001 1405149116
ANTHRO 384 001 0631235817
ANTHRO 414 001 9766210314
ANTHRO 414 001 0521359775
ANTHRO 447 001 0030315948
ANTHRO 447 001 0881330493
ANTHRO 453 001 0030315948
ANTHRO 453 001 0881330493
ANTHRO 458 003 1405114711
ANTHRO 458 003 0231112319
ANTHRO 458 003 0691134359
ANTHRO 458 004 039309040X
ANTHRO 458 004 0802141323
ANTHRO 458 004 1859841872
ANTHRO 458 004 0226066649
ANTHRO 474 001 0521439612
ANTHRO 474 001 1844670864
ANTHRO 474 001 0521607744
ANTHRO 576 001 0262730065
ANTHRO 576 001 0262532670
ANTHRO 576 001 0262530708
ANTHRO 576 001 0520055942
ANTHRO 576 001 0262731258
ANTHRO 576 001 0231157266
ANTHRO 576 001 0674635361
ANTHRO 576 001 3110172828
ARCH 314 001 0138540195
ARCH 514 001 3775718761
ASIAN 204 001 0547005393
ASIAN 206 001 0374525919
ASIAN 206 001 0199736324
ASIAN 206 001 0521716276
ASIAN 230 001 014044758X
ASIAN 230 001 1886439397
ASIAN 251 001 0140442936
ASIAN 251 001 0140443266
ASIAN 251 001 0140443703
ASIAN 251 001 0140443711
ASIAN 251 001 014044372X
ASIAN 270 001 0231105673
ASIAN 280 003 0521532841
ASIAN 300 001 0804718032
ASIAN 300 001 0679761047
ASIAN 300 001 0231035314
ASIAN 300 001 014243714X
ASIAN 300 001 086547186X
ASIAN 300 001 4770020287
ASIAN 313 001 0375724745
ASIAN 313 001 188544527X
ASIAN 313 001 0486451399
ASIAN 313 001 0307387445
ASIAN 313 001 0231112033
ASIAN 313 001 0231072554
ASIAN 313 001 0151015457
ASIAN 330 001 0520228839
ASIAN 380 002 0691019584
ASIAN 580 001 0691019584
ASIANLAN 101 001 0887276482
ASIANLAN 101 001 0887276385
ASIANLAN 101 001 0887276407
ASIANLAN 101 010 0887276482
ASIANLAN 101 010 0887276385
ASIANLAN 101 010 0887276407
ASIANLAN 101 020 0887276482
ASIANLAN 101 020 0887276385
ASIANLAN 101 020 0887276407
ASIANLAN 104 003 0231125550
ASIANLAN 104 003 023113567X
ASIANLAN 115 001-003 080483962X
ASIANLAN 124 001 4789014401
ASIANLAN 124 001 478901441X
ASIANLAN 125 001-003 4789014401
ASIANLAN 125 001-003 478901441X
ASIANLAN 129 001 4789009637
ASIANLAN 129 001 4789010015
ASIANLAN 201 001-002 0887276792
ASIANLAN 201 001-002 0887276830
ASIANLAN 204 001 0231125577
ASIANLAN 204 001 0231135858
ASIANLAN 301 001 7561921438
ASIANLAN 301 001 7561921373
ASIANLAN 301 002 7561921438
ASIANLAN 301 002 7561921373
ASIANLAN 304 001 7561921438
ASIANLAN 304 001 7561921373
ASIANLAN 304 002 7561921438
ASIANLAN 304 002 7561921373
ASTRON 101 001-012 0558657370
ASTRON 102 001-012 2100111159
ASTRON 102 001-012 0321642708
ASTRON 102 001-012 0321620909
ASTRON 104 001 142923153X
ASTRON 104 001 0763770043
ASTRON 115 001 2100111159
ASTRON 115 001 0805347534
ASTRON 115 001 0321687671
ASTRON 127 001-003 155407147X
ASTRON 127 001-003 0679408525
ASTRON 142 001 019853096X
ASTRON 160 001 0521529271
ASTRON 402 001 0521866049
ASTRON 403 001 075030460X
BIOL 108 001 0321556712
BIOL 110 001 2100111124
BIOL 120 001 1425167721
BIOL 171 001-004 0321598202
BIOL 171 001-004 0321597966
BIOL 172 001-004 0321598202
BIOL 172 001-004 0321597966
BIOL 205 001 0393974308
BIOL 205 001 1405122161
BIOL 205 001 0878933840
BIOL 207 001 032164963X
BIOL 207 001 0073375276
BIOL 222 001 0781760038
BIOL 226 001-018 2100111140
BIOL 230 001 0763753459
BIOL 305 001 1429229438
BIOL 305 001 1429232552
BIOL 310 001 2100111159
BIOL 310 001 1429223529
BIOL 310 001 1429222638
BIOL 310 001 1429223995
BIOL 310 001 1429223391
BIOPHYS 370 001 1429231149
BIOPHYS 430 001 0126409706
BIOPHYS 430 001 0470500980
BIOPHYS 463 001-002 0387952233
BIOPHYS 463 001-002 0898715547
BIOPHYS 493 001 0387952233
BIOPHYS 493 001 0898715547
BIOPHYS 495 001 0205616712
BIOPHYS 520 001 0130464279
BIOPHYS 520 001 0815344309
BIOPHYS 595 001 0205616712
BUS-ACC 271 001-017 0137024312
BUS-ACC 271 001-017 0136108865
BUS-ACC 272 001-002 0077561767
BUS-ACC 312 001-003 0470587237
BUS-ACC 315 001 0073527114
BUS-ACC 317 001 1121255280
BUS-ACC 501 451 1934319341
BUS-ACC 501 451 0073527114
BUS-ACC 560 001 1121255280
BUS-ACC 560 001, 1121255280
BUS-ACC 560 451 1121255280
BUS-ACC 561 001 0808026194
BUS-ACC 601 001 0470505699
BUS-BE 501 451 0132744929
BUS-BE 502 001-002 0132080230
BUS-BE 502 001-002 0132080249
BUS-BE 502 003 0132080230
BUS-BE 502 003 0132080249
BUS-BE 502 004-005 0132080230
BUS-BE 502 004-005 0132080249
BUS-BE 502 006 0132080230
BUS-BE 502 006 0132080249
BUS-BE 555 001-451 0136083927
BUS-BE 562 001 0393337804
BUS-BE 562 001 0138014914
BUS-BIT 200 001,004 0538753900
BUS-BIT 200 001,004 0538798491
BUS-BIT 200 002,003 0538753900
BUS-BIT 200 002,003 0538798491
BUS-BIT 200 005,006 0538753900
BUS-BIT 200 005,006 0538798491
BUS-BIT 311 001 1133163653
BUS-BIT 512 001-451 0538742917
BUS-BIT 513 001-451 1111531315
BUS-BIT 601 001 0470505699
BUS-ENTR 504 001 0538466464
BUS-FIN 300 001 007808380X
BUS-FIN 300 006 0132742071
BUS-FIN 317 001 0136089437
BUS-FIN 322 001 0073377333
BUS-FIN 334 001 0470573783
BUS-FIN 412 001 0131163604
BUS-FIN 412 001 0132162768
BUS-FIN 414 001 0131163604
BUS-FIN 513 001 0078004098
BUS-FIN 551 471 0073382337
BUS-FIN 566 001 0073377333
BUS-FIN 566 451 0073377333
BUS-FIN 567 001 0073377333
BUS-FIN 567 451 0073377333
BUS-FIN 612 001 0131163604
BUS-FIN 612 001 0132162768
BUS-FIN 612 002 0131163604
BUS-FIN 612 002 0132162768
BUS-FIN 612 003 0131163604
BUS-FIN 612 003 0132162768
BUS-FIN 612 451 0131163604
BUS-FIN 612 451 0132162768
BUS-FIN 614 002 0131163604
BUS-FIN 614 003 0131163604
BUS-FIN 614 451 0131163604
BUS-LHC 310 001 0143118757
BUS-LHC 412 001 0133892557
BUS-LHC 504 001 0538466464
BUS-LHC 506 001 0735577315
BUS-LHC 510 001 0143118757
BUS-LHC 510 451 0143118757
BUS-LHC 512 001-451 1426631189
BUS-LHC 512 001-451 1426641931
BUS-LHC 512 001-451 0764143573
BUS-LHC 512 001-451 1581949294
BUS-LHC 513 001-451 1426631189
BUS-LHC 513 001-451 1426641931
BUS-LHC 513 001-451 0764143573
BUS-LHC 513 001-451 1581949294
BUS-LHC 517 001 1435425774
BUS-LHC 524 001-451 0131405683
BUS-MKT 300 01-06 0471756687
BUS-MO 512 001-004 0143118757
BUS-MO 561 001-451 0136109667
BUS-MO 700 001 0804759464
BUS-OMS 501 451 2100111116
BUS-OMS 518 001 0470462728
BUS-OMS 518 001 1886529191
BUS-STR 564 001 1559637722
BUS-STR 564 001 1422121054
BUS-STR 565 001 1559637722
BUS-STR 565 001 1422121054
BUS-WMBA 507 001 0073527114
CHEM 105 001 0521732557
CHEM 125 100-300 0738045969
CHEM 130 100-500 1111418667
CHEM 210 100-400 0618318100
CHEM 210 100-400 0547134606
CHEM 210 100-400 0547126948
CHEM 210 100-400 0738044288
CHEM 211 100-300 0738044202
CHEM 211 420 0470494379
CHEM 211 430 0470494379
CHEM 215 100 0618318100
CHEM 215 100 0547134606
CHEM 215 100 0547126948
CHEM 215 100 0738043923
CHEM 216 100 0738041351
CHEM 216 100 0738043664
CHEM 230 100-200 1464101906
CHEM 241 100 1429218150
CHEM 242 100 2100111116
CHEM 245 100 1429201479
CHEM 246 100 2100111116
CHEM 247 100 2100111116
CHEM 260 100-200 2100111116
CHEM 261 100-200 2100111116
CHEM 303 100 0136128661
CHEM 303 100 1891389432
CHEM 303 100 0716787245
CHEM 303 100 071677108X
CHEM 303 100 0470129301
CHEM 303 100 0495109355
CHEM 303 100 0805330666
CHEM 303 100 0195305752
CHEM 351 100 071677108X
CHEM 351 100 1429212411
CHEM 352 100-400 071677108X
CHEM 352 100-400 0470570954
CHEM 370 001 1429231149
CHEM 402 100 1429218207
CHEM 402 100 352731802X
CHEM 447 100 1429218150
CHEM 451 200 0470570954
CHEM 453 100 189138905X
CHEM 453 100 0815344309
CHEM 461 200 2100111116
CHEM 462 100-300 0582382106
CHEM 482 100 0470107073
CHEM 507 100 048666144X
CHEM 507 100 0471629782
CHEM 507 100 093570261X
CHEM 507 100 0471510947
CHEM 511 100 0748775161
CHEM 520 001 0130464279
CHEM 520 001 0815344309
CHEM 540 100 1891389319
CHEM 543 100 0387954686
CHEM 570 200 2100111116
CHEM 571 100 0195141954
CHEM 571 100 0471569526
CHEM 576 100 1891389157
CHEM 576 100 0198525265
CHEM 647 100 0470033118
CICS 401 003 0521684277
CICS 401 004 1595620176
CICS 401 004 0375422854
CICS 401 006 0801473039
CICS 401 006 019956051X
CLASARC 221 001 0205001335
CLASARC 422 001 0892366001
CLASARC 494 001 0226065669
CLASCIV 101 001 0140440399
CLASCIV 101 001 0140445927
CLASCIV 101 001 0140448144
CLASCIV 101 001 0199540500
CLASCIV 101 001 0195372352
CLASCIV 101 001 0192832824
CLASCIV 101 001 0941051420
CLASCIV 101 012 2100111116
CLASCIV 125 001 2100111116
CLASCIV 302 001 0500287864
CLASCIV 302 001 0199540047
CLASCIV 302 001 0140449485
CLASCIV 302 001 0199537380
CLASCIV 302 001 0199540136
CLASCIV 302 001 0199261083
CLASCIV 375 001 0140440399
CLASCIV 375 001 0140444335
CLASCIV 375 001 0140443622
CLASCIV 375 001 0140442537
CLASCIV 375 001 050025138X
CLASCIV 375 001 0199535663
CLASCIV 375 001 0500287864
CLASCIV 388 001 0872201368
CLASCIV 388 001 0691020434
CLASCIV 388 001 0872203786
CLASCIV 388 001 0872206335
CLASCIV 388 001 019953909X
CLASCIV 476 001 0140445358
CLASCIV 476 001 0140435263
CLASCIV 476 001 0300098391
CLASCIV 476 001 0199537828
CLASCIV 476 001 0141441933
CLASCIV 494 001 0226065669
COLHON 250 003 0534214444
COLHON 352 001 2100111124
COMM 351 001 0761954023
COMM 351 001 0195397673
COMM 432 001-002 2100111140
COMM 432 001-002 0801880300
COMM 432 001-002 1405150572
COMM 432 001-002 0826218814
COMM 439 001-002 0679745351
COMM 439 001-002 0684846306
COMM 439 001-002 1599620871
COMM 439 001-002 0520262476
COMM 439 003-004 0452262933
COMM 439 003-004 161039061X
COMM 439 003-004 030795191X
COMM 451 001-002 2100111140
COMM 451 001-002 0870784374
COMM 451 001-002 081475614X
COMM 451 001-002 0826218814
COMM 468 005 0205609996
COMM 484 001 0679755101
COMM 484 001 031224777X
COMM 488 001-002 0143114948
COMM 488 001-002 0199736421
COMM 488 001-002 067092038X
COMM 488 001-002 0738208612
COMM 488 001-002 0802716040
COMM 488 001-002 1586488740
COMM 489 001-002 023114637X
COMM 491 001 143908274X
COMPLIT 140 001 0802130348
COMPLIT 140 001 0811216020
COMPLIT 140 001 0812979656
COMPLIT 140 001 0143105280
COMPLIT 140 001 031240266X
COMPLIT 140 001 1400078636
COMPLIT 140 001 0393338177
COMPLIT 240 001 0156627809
COMPLIT 240 001 0140186832
COMPLIT 240 001 0393964582
COMPLIT 240 001 067973452X
COMPLIT 240 001 039331670X
COMPLIT 240 001 1903436087
COMPLIT 240 001 0140186395
COMPLIT 240 001 0393304515
COMPLIT 240 001 0393979172
COMPLIT 240 001 0394172442
COMPLIT 240 001 0140424393
COMPLIT 322 001 1847490735
COMPLIT 322 001 041531920X
COMPLIT 340 001 006124418X
COMPLIT 340 001 0811218570
COMPLIT 340 001 1931112002
COMPLIT 382 002 1585100366
COMPLIT 382 002 0195133412
COMPLIT 492 001 0801491460
COMPLIT 790 001 2100111116
COMPSYST 535 001 0199206651
COMPSYST 541 001 0738204536
DENTAL 706 001 0323049834
DENTHYG 210 001 0781769922
DENTHYG 210 001 032304235X
DENTHYG 210 001 0781763223
DENTHYG 210 001 0781764521
DENTHYG 210 001 0781799805
DENTHYG 220 001 0781763223
DENTHYG 220 001 0781764521
DENTHYG 220 001 0781799805
DENTHYG 220 001 0781765331
DENTHYG 242 001 0838514928
DENTHYG 252 001 2100111116
DENTHYG 272 001 032304235X
DENTHYG 291 001 0323033393
DENTHYG 310 001 0323049834
DENTHYG 312 001 0781769922
DENTHYG 312 001 0781763223
DENTHYG 312 001 0781799805
DENTHYG 312 001 0781780977
DENTHYG 312 001 1416062351
DENTHYG 312 001 1887570055
DENTHYG 382 001 1416063986
DENTHYG 410 001 0323049834
DENTHYG 422 001 013158930X
DENTHYG 429 001 0323065201
DENTHYG 429 001 0323065589
DUTCH 111 001 9006811106
DUTCH 511 001 9006811106
ECOLOGY 372 011-051 2100111140
ECOLOGY 372 011-051 0471496650
ECOLOGY 372 011-051 0312440839
ECOLOGY 372 011-051 1429234911
ECOLOGY 390 001 0878932232
ECOLOGY 436 001 0472089218
ECOLOGY 468 001 0916422763
ECOLOGY 485 001 0691114412
ECOLOGY 485 001 1405111178
ECON 102 100 0307459691
ECON 102 100 0538453079
ECON 102 200 0716771616
ECON 310 001 0132479184
ECON 323 001 1405161825
ECON 330 001 0132302306
ECON 395 001 2100111116
ECON 395 003 1933115874
ECON 401 001 2100111116
ECON 405 001 0321584759
ECON 406 001 0324581629
ECON 406 001 1597180750
ECON 408 001 1577660633
ECON 408 001 0674005112
ECON 408 001 052160866X
ECON 421 001 0132540649
ECON 432 001 026222075X
ECON 441 001 1429241047
ECON 453 001 0253223032
ECON 481 001 1429219491
ECON 487 001 0073375780
ECON 491 001 1577660633
ECON 491 001 0521466482
ECON 491 001 032478662X
ECON 496 001 039309040X
ECON 496 001 0140432728
ECON 496 001 0872200477
ECON 496 001 0486280624
ECON 496 001 0300100183
ECON 496 001 0199535698
ECON 496 001 0300118384
ECON 496 001 0199535922
ECON 496 001 0199540454
ECON 496 001 0192806106
ECON 501 001 0393934241
ECON 501 001 039315629X
ECON 503 001 0131867938
ECON 541 001 0262600277
ECON 541 001 0321493044
ECON 541 001 0199553777
ECON 601 001 0195073401
ECON 601 001 0393957357
ECON 671 001 0534243126
ECON 675 001 0521848059
ECON 675 001 0262232588
ECON 675 001 0691120358
ECON 675 001 1597180734
ECON 675 001 1597180750
ED 411 001, 0205573525
ED 452 001 2100111124
ED 462 002 2100111124
ED 575 001 1555706665
ED 601 001 080772792X
ED 601 001 1403984530
ED 601 001 0807750026
ED 602 001 1403984530
ED 602 001 0807750026
ED 602 001 0765342294
ED 661 001 0801880041
ED 661 001 0415873657
ED 665 001 1433805618
ED 665 001 0787997331
ED 695 001 0131367390
ED 695 003 0803934211
ED 695 003 0415935806
ED 695 003 1412971896
ED 695 003 1433805618
ED 761 001 155542354X
ED 761 001 1439157332
ED 761 001 080184956X
ED 771 002 1891792458
ED 771 002 0415800331
ED 792 002 0684823128
ED 792 002 141290644X
ED 792 002 0470283548
ED 792 002 0226206815
ED 793 001 0130272957
ED 793 001 1847879071
ED 793 001 1412992532
ED 793 001 1412971098
ED 794 001 0691120358
ED 794 001 0138009007
ED 820 001 0691120358
ED 820 001 0199753865
ELI 120 001 0495800457
ELI 120 002 2100111124
ELI 120 003 0393911519
ELI 300 001 0131523597
ELI 320 001 0472088564
ELI 321 002 0472088564
ELI 330 001 0472033328
ELI 336 003 2100111116
ELI 338 001 2100111116
ELI 338 004 142408802X
ELI 584 001-002 2100111116
ENG-AER 225 001 0072424435
ENG-AER 305 001 0073660558
ENG-AER 325 001 0073398101
ENG-AER 347 001 0123747783
ENG-AER 523 001 156032046X
ENG-AER 523 001 0750665947
ENG-AER 540 002 0521883032
ENG-AER 574 001 052160768X
ENG-AOS 105 001 0521732557
ENG-AOS 171 001 2100111124
ENG-AOS 380 001 0972903313
ENG-AOS 401 001 0123540151
ENG-AOS 401 001 0470864656
ENG-AOS 574 001 052160768X
ENG-BIO 211 001 0470521570
ENG-BIO 241 001 0321640772
ENG-BIO 331 001 0470262842
ENG-BIO 331 001 0470926538
ENG-BIO 410 001 0125824637
ENG-BIO 418 001 0815341636
ENG-BIO 419 001 0077350014
ENG-BIO 424 001 0471847895
ENG-BIO 499 002 2100111116
ENG-BIO 499 003 2100111116
ENG-BIO 519 001 0077350014
ENG-BIO 599 001 0521517427
ENG-CH 230 001 0077366743
ENG-CH 342 001 0470128682
ENG-CH 343 001 0470481838
ENG-CH 405 001 0130082791
ENG-CH 412 001 0849339294
ENG-CH 413 001 0495244716
ENG-CH 466 001 0470128674
ENG-CH 528 001 0130473944
ENG-CH 542 001 0195084942
ENG-CIV 211 001 0138149291
ENG-CIV 230 001 0077366743
ENG-CIV 270 001 0538733527
ENG-CIV 270 001 0840065396
ENG-CIV 312 001 013257053X
ENG-CIV 325 001 0470259779
ENG-CIV 351 001 0130646326
ENG-CIV 360 001 0073397865
ENG-CIV 413 001 0495244716
ENG-CIV 428 001 0130882399
ENG-CIV 431 001 0471449881
ENG-CIV 460 001 0471110183
ENG-CIV 514 001 0967493919
ENG-CIV 515 001 0132281414
ENG-CIV 536 001 0471041238
ENG-CIV 537 001 047007468X
ENG-CIV 540 001 0521337828
ENG-CIV 545 001 0135897068
ENG-CIV 547 001 0131424734
ENG-CIV 548 001 0133749436
ENG-CIV 582 001 032164963X
ENG-CIV 650 001 0849316561
ENG-CIV 881 001 2100111116
ENG-ECS 203 001 0072880082
ENG-ECS 203 002 0072880082
ENG-ECS 216 001-002 0135184738
ENG-ECS 280 001-003 0136083811
ENG-ECS 281 001 0262033844
ENG-ECS 281 001 0201379260
ENG-ECS 281 002 0201379260
ENG-ECS 281 002 0262033844
ENG-ECS 311 001 0195323033
ENG-ECS 312 001 0130909963
ENG-ECS 330 001 0132139316
ENG-ECS 401 001 0471272140
ENG-ECS 413 001 0072380322
ENG-ECS 423 001 0195320174
ENG-ECS 451 001 0131873741
ENG-ECS 455 001 2100111116
ENG-ECS 460 001 0470048964
ENG-ECS 463 001 1111425779
ENG-ECS 478 001 0387310045
ENG-ECS 478 001 0521857481
ENG-ECS 480 001 052154310X
ENG-ECS 482 001 0136006639
ENG-ECS 484 001 0072465638
ENG-ECS 492 001 0136042597
ENG-ECS 501 001 188652923X
ENG-ECS 517 001 0471720011
ENG-ECS 517 001 1560328487
ENG-ECS 527 001 904819590X
ENG-ECS 529 001 0470293195
ENG-ECS 543 001 1558601910
ENG-ECS 543 001 0201403757
ENG-ECS 554 001 0072957166
ENG-ECS 569 001 0387755780
ENG-ECS 598 001 0471201693
ENG-ECS 598 002 2100111116
ENG-ENG 100 800 0558781810
ENG-ENG 101 100-300 0471202150
ENG-ENG 101 100-300 0123850819
ENG-ENG 371 001 0130130540
ENG-ENG 371 001-002 0130130540
ENG-ENG 390 002 2100111140
ENG-ENG 405 001 0130082791
ENG-ENG 411 001-002 0976470705
ENG-ENG 490 005 0071496025
ENG-ENG 490 050 1931930007
ENG-ENG 599 001 0470405481
ENG-ENG 599 004 0314271848
ENG-ENV 105 011 0521732557
ENG-ENV 171 001 2100111124
ENG-IOE 201 001 0132209608
ENG-IOE 265 001 0538733527
ENG-IOE 265 001 1133307043
ENG-IOE 265 001 0538738103
ENG-IOE 265 001 1133297633
ENG-IOE 333 001 0131837362
ENG-IOE 334 001-007 2100111140
ENG-IOE 334 001-007 2100111124
ENG-IOE 366 001 1426632029
ENG-IOE 421 001 1111220859
ENG-IOE 421 001 0324598890
ENG-IOE 425 001 0966784308
ENG-IOE 425 002 0966784308
ENG-IOE 432 001-003 2100111116
ENG-IOE 440 001 0072824034
ENG-IOE 447 001 0470444045
ENG-IOE 474 001 0073401307
ENG-IOE 510 001 0470462728
ENG-IOE 510 001 1886529191
ENG-IOE 539 001 2100111140
ENG-IOE 539 001 0879122811
ENG-IOE 541 001 0073377856
ENG-IOE 553 001 019957474X
ENG-IOE 591 004 0307264785
ENG-IOE 591 036 2100111116
ENG-IOE 610 001 1886529191
ENG-IOE 614 001 0521010128
ENG-IOE 623 001-002 0521497892
ENG-IOE 623 001-002 047149741X
ENG-IOE 623 001-002 3540221492
ENG-MAN 426 001 0966784308
ENG-MAN 447 001 0470444045
ENG-MAN 452 001 2100111140
ENG-MAN 453 001 0471268917
ENG-MAN 492 001 2100111116
ENG-MAN 536 001 0471041238
ENG-MAN 539 001 2100111140
ENG-MAN 539 001 0879122811
ENG-MAN 541 001 0073377856
ENG-MAN 562 001 0471709654
ENG-MAN 587 001 0470583770
ENG-MAN 591 001 0470177985
ENG-MAN 599 001 2100111140
ENG-MAN 599 881 2100111140
ENG-ME 211 001-003 0132166747
ENG-ME 235 001 0471737593
ENG-ME 235 002 0470041927
ENG-ME 240 001-002 0470499788
ENG-ME 320 001-002 0470262842
ENG-ME 335 001 1107012406
ENG-ME 360 001 0486428656
ENG-ME 360 001-002 0073529273
ENG-ME 360 001-002 0131424629
ENG-ME 360 001-002 0471394424
ENG-ME 424 001 0471847895
ENG-ME 438 001 007028637X
ENG-ME 451 001 0471268917
ENG-ME 452 001 2100111140
ENG-ME 452 881 2100111140
ENG-ME 482 001 2100111116
ENG-ME 505 001 0486411818
ENG-ME 523 001 156032046X
ENG-ME 523 001 0750665947
ENG-ME 540 002 0521883032
ENG-ME 560 001 0471709654
ENG-ME 586 001 0470177985
ENG-ME 587 001 0470583770
ENG-ME 645 001 0486667456
ENG-MSE 220 100 0470419970
ENG-MSE 220 100 0470556730
ENG-MSE 350 001 0471000825
ENG-MSE 410 001 0125824637
ENG-MSE 412 001 0849339294
ENG-MSE 420 001 0521866758
ENG-MSE 510 100 0748775161
ENG-NAV 320 001 0470418257
ENG-NAV 401 001 0521845688
ENG-NAV 491 001 0470547413
ENG-NAV 520 001 0262140268
ENG-NAV 540 001 0521458706
ENG-NAV 540 001 9810204213
ENG-NUC 462 001 0470907568
ENG-NUC 490 001 1560320516
ENG-NUC 515 001 0470131489
ENG-NUC 578 001 0471720011
ENG-NUC 578 001 1560328487
ENGLISH 124 003 0140077022
ENGLISH 124 003 0156628708
ENGLISH 124 003 031266480X
ENGLISH 124 007 140007780X
ENGLISH 124 007 015602943X
ENGLISH 124 007 1555974805
ENGLISH 124 007 0345418913
ENGLISH 124 014 0883780615
ENGLISH 124 015 0679406417
ENGLISH 124 015 140003342X
ENGLISH 124 015 0385720963
ENGLISH 124 015 0877459711
ENGLISH 124 019 0143039636
ENGLISH 124 019 0321333497
ENGLISH 124 021 0312452764
ENGLISH 124 021 0199536597
ENGLISH 124 023 0393927407
ENGLISH 124 023 0393974073
ENGLISH 125 002 1603290249
ENGLISH 125 002 0415327989
ENGLISH 125 007 2100111140
ENGLISH 125 011 039393361X
ENGLISH 125 012 2100111140
ENGLISH 125 012 0691122903
ENGLISH 125 012 0312593244
ENGLISH 125 012 157322331X
ENGLISH 125 014 0679727833
ENGLISH 125 017 0486447987
ENGLISH 125 017 0205803288
ENGLISH 125 020 2100111140
ENGLISH 125 020 039393361X
ENGLISH 125 020 0141183292
ENGLISH 125 022 2100111140
ENGLISH 125 022 0205028802
ENGLISH 125 023 2100111140
ENGLISH 125 023 0312452756
ENGLISH 125 023 157322331X
ENGLISH 125 029 2100111140
ENGLISH 125 029 0312452756
ENGLISH 125 029 157322331X
ENGLISH 125 032 2100111140
ENGLISH 125 032 031266480X
ENGLISH 125 032 157322331X
ENGLISH 125 037 2100111140
ENGLISH 125 037 031266480X
ENGLISH 125 038 2100111140
ENGLISH 125 038 020530902X
ENGLISH 125 039 0394758285
ENGLISH 125 039 0761954325
ENGLISH 125 041 0495910082
ENGLISH 125 043 0393930920
ENGLISH 125 043 039332804X
ENGLISH 125 043 0965915174
ENGLISH 125 044 0883448432
ENGLISH 125 044 0819562750
ENGLISH 125 044 0393320782
ENGLISH 125 044 0312425791
ENGLISH 125 047 039393361X
ENGLISH 125 047 0312538626
ENGLISH 125 052 1603290249
ENGLISH 125 052 0415327989
ENGLISH 125 052 1416500405
ENGLISH 125 052 0826498949
ENGLISH 125 053-054 031266480X
ENGLISH 125 053-054 0312609698
ENGLISH 125 057-058 0205751970
ENGLISH 125 059 2100111140
ENGLISH 125 060 0374527075
ENGLISH 125 060 0618871713
ENGLISH 125 067 020530902X
ENGLISH 125 067 0495910082
ENGLISH 125 072 0883448432
ENGLISH 125 072 0819562750
ENGLISH 125 072 0393320782
ENGLISH 125 072 0312425791
ENGLISH 125 073 039393361X
ENGLISH 125 073 031266480X
ENGLISH 125 073 0312538618
ENGLISH 125 075 0312424094
ENGLISH 125 075 039393361X
ENGLISH 125 075 0393911519
ENGLISH 125 076 2100111140
ENGLISH 125 076 031266480X
ENGLISH 125 088 0691122903
ENGLISH 125 088 0312452756
ENGLISH 125 088 157322331X
ENGLISH 125 090 0205706606
ENGLISH 125 090 157322331X
ENGLISH 125 092 2100111140
ENGLISH 125 092 031266480X
ENGLISH 125 096 0143035835
ENGLISH 125 096 1593762054
ENGLISH 125 097 2100111140
ENGLISH 125 097 031266480X
ENGLISH 125 097 157322331X
ENGLISH 125 099 0883448432
ENGLISH 125 099 0819562750
ENGLISH 125 099 0393320782
ENGLISH 125 099 0312425791
ENGLISH 140 001 1904271332
ENGLISH 140 001 1903436605
ENGLISH 140 001 1903436591
ENGLISH 140 001 1903436818
ENGLISH 140 002 046087389X
ENGLISH 140 002 0393974642
ENGLISH 140 002 0199540586
ENGLISH 140 003 069107089X
ENGLISH 140 003 0393319687
ENGLISH 140 003 1845204700
ENGLISH 140 003 0141321032
ENGLISH 140 003 1551113279
ENGLISH 140 004 0156628708
ENGLISH 140 004 014118213X
ENGLISH 140 004 0811200078
ENGLISH 140 004 0393974995
ENGLISH 223 003 0810119803
ENGLISH 223 004 2100111140
ENGLISH 223 011 0205750346
ENGLISH 223 011 0393334163
ENGLISH 223 011 0375713158
ENGLISH 223 014 2100111140
ENGLISH 223 014 0872860175
ENGLISH 223 014 1573226068
ENGLISH 225 001 0205665772
ENGLISH 225 001 0321439244
ENGLISH 225 003 0205012647
ENGLISH 225 004 2100111140
ENGLISH 225 004 0691122903
ENGLISH 225 007 0205000932
ENGLISH 225 009 1554810000
ENGLISH 225 011 0205012647
ENGLISH 225 011 1608461289
ENGLISH 225 014 0312538626
ENGLISH 225 018-019 0618917950
ENGLISH 225 018-019 031266480X
ENGLISH 267 001 0395754909
ENGLISH 290 001 2100111140
ENGLISH 290 001 0375706534
ENGLISH 290 001 0312420099
ENGLISH 290 001 1594481946
ENGLISH 290 001 0811218228
ENGLISH 290 001 0252076893
ENGLISH 290 002 0679723161
ENGLISH 290 002 0140189424
ENGLISH 290 002 0486280616
ENGLISH 290 002 0142437255
ENGLISH 290 002 0307454789
ENGLISH 290 002 0199535728
ENGLISH 290 002 0929701364
ENGLISH 297 003 0205686125
ENGLISH 297 005 0880013346
ENGLISH 297 005 0393979202
ENGLISH 297 005 0140586687
ENGLISH 297 005 0374531390
ENGLISH 298 001 0452262356
ENGLISH 298 001 0312062346
ENGLISH 298 001 0141439823
ENGLISH 298 001 014009623X
ENGLISH 298 001 1559362324
ENGLISH 298 001 0374530653
ENGLISH 298 001 0451529618
ENGLISH 298 003 0679722645
ENGLISH 298 003 0140157379
ENGLISH 298 003 0679755330
ENGLISH 298 003 0451527747
ENGLISH 298 003 0486280551
ENGLISH 298 003 0439064872
ENGLISH 298 003 014243793X
ENGLISH 298 003 0199536953
ENGLISH 298 003 0451200195
ENGLISH 298 005 0679727299
ENGLISH 298 005 0375751513
ENGLISH 298 005 1594483299
ENGLISH 298 005 0812979303
ENGLISH 298 006 0743273567
ENGLISH 305 001 2100111140
ENGLISH 305 001 0205032281
ENGLISH 310 001 0452264634
ENGLISH 310 001 0684811952
ENGLISH 310 001 0807004235
ENGLISH 310 001 0826412769
ENGLISH 310 001 0807737003
ENGLISH 310 001 1400052459
ENGLISH 310 001 0738204331
ENGLISH 310 001 1565846664
ENGLISH 313 001 0192810898
ENGLISH 313 001 0140157379
ENGLISH 313 001 0451527747
ENGLISH 313 001 0440414121
ENGLISH 313 001 0486280551
ENGLISH 313 001 0439064872
ENGLISH 313 001 006440188X
ENGLISH 313 001 014243793X
ENGLISH 313 001 0440418518
ENGLISH 313 001 0142410373
ENGLISH 313 010 0520253973
ENGLISH 313 010 0199536449
ENGLISH 313 010 0199553963
ENGLISH 313 010 0199535671
ENGLISH 313 010 0199536430
ENGLISH 314 003 0679721886
ENGLISH 314 003 037570504X
ENGLISH 314 003 0618871713
ENGLISH 314 003 0375714839
ENGLISH 314 003 0812979656
ENGLISH 314 003 0520261291
ENGLISH 314 003 1880684942
ENGLISH 315 001 0312111282
ENGLISH 315 001 1879288729
ENGLISH 315 001 0393334155
ENGLISH 315 001 1879288451
ENGLISH 315 001 0918720443
ENGLISH 315 001 1147383952
ENGLISH 315 002 015670160X
ENGLISH 315 002 067972463X
ENGLISH 315 002 0679733744
ENGLISH 315 002 0393311465
ENGLISH 315 002 0811216713
ENGLISH 315 002 0156029324
ENGLISH 317 001 0415873762
ENGLISH 317 002 155597449X
ENGLISH 317 002 1596432357
ENGLISH 317 004 0553213334
ENGLISH 317 004 0393312836
ENGLISH 317 004 0743273567
ENGLISH 317 004 0743271327
ENGLISH 317 004 0451531035
ENGLISH 317 004 044900371X
ENGLISH 317 004 0140714782
ENGLISH 317 004 0199535523
ENGLISH 317 004 0743456459
ENGLISH 317 004 0826339190
ENGLISH 317 004 0679600213
ENGLISH 317 004 0679748644
ENGLISH 320 001 019505928X
ENGLISH 320 001 0140249192
ENGLISH 320 001 0679741879
ENGLISH 320 001 0060587148
ENGLISH 320 001 0231112335
ENGLISH 320 001 0679741933
ENGLISH 323 001-002 0140079491
ENGLISH 323 001-002 039332124X
ENGLISH 323 001-002 0143112724
ENGLISH 324 001 155597449X
ENGLISH 324 001 1935210181
ENGLISH 324 001 1848610351
ENGLISH 324 001 0977639533
ENGLISH 325 002 2100111140
ENGLISH 325 002 0618835954
ENGLISH 325 009 038542339X
ENGLISH 330 001 0205737544
ENGLISH 330 001 0195019911
ENGLISH 340 001 0143039539
ENGLISH 340 001 0486456765
ENGLISH 340 001 0300100035
ENGLISH 340 001 0375413545
ENGLISH 340 001 082033569X
ENGLISH 340 001 0374508488
ENGLISH 341 001 0156226006
ENGLISH 341 001 015670160X
ENGLISH 341 001 0449210820
ENGLISH 341 001 0226347893
ENGLISH 341 001 0802150861
ENGLISH 341 001 0805210555
ENGLISH 341 001 0345345061
ENGLISH 341 001 0394820371
ENGLISH 341 001 0451529898
ENGLISH 341 001 0143039911
ENGLISH 341 001 0553382160
ENGLISH 341 001 0451531671
ENGLISH 341 001 0385420161
ENGLISH 349 002 0451158717
ENGLISH 349 002 0451171128
ENGLISH 349 002 014048244X
ENGLISH 349 002 0375709177
ENGLISH 349 002 0300093055
ENGLISH 349 002 0142437557
ENGLISH 349 002 0679763961
ENGLISH 349 002 0451167783
ENGLISH 349 002 0452274001
ENGLISH 350 001 0393925315
ENGLISH 363 001 0393974995
ENGLISH 363 001 0393926362
ENGLISH 363 001 0141441380
ENGLISH 363 001 0199536449
ENGLISH 363 001 0199536619
ENGLISH 364 001 1400079497
ENGLISH 364 001 0618711651
ENGLISH 364 001 1594483299
ENGLISH 364 001 030727666X
ENGLISH 364 001 0307477479
ENGLISH 364 001 0316044938
ENGLISH 364 001 0143115022
ENGLISH 364 001 1594481520
ENGLISH 364 001 0312576463
ENGLISH 364 001 0374203059
ENGLISH 364 001 0385528078
ENGLISH 367 001 0393931447
ENGLISH 382 001 0060972459
ENGLISH 382 001 0140089373
ENGLISH 382 001 0826304699
ENGLISH 382 001 0143104918
ENGLISH 382 001 0143105183
ENGLISH 382 001 0061787426
ENGLISH 382 001 1438425406
ENGLISH 382 001 0061859974
ENGLISH 383 001 0679756450
ENGLISH 383 001 0140189424
ENGLISH 383 001 0143105604
ENGLISH 383 001 0374530289
ENGLISH 383 001 0156278111
ENGLISH 383 001 0061173479
ENGLISH 383 001 1608196119
ENGLISH 383 001 1565849493
ENGLISH 383 001 0679777393
ENGLISH 383 001 0684839741
ENGLISH 383 001 1573229881
ENGLISH 390 001 1405106964
ENGLISH 398 001 0375702709
ENGLISH 398 001 0684843269
ENGLISH 398 001 1400033411
ENGLISH 398 001 0156031825
ENGLISH 398 001 0671003771
ENGLISH 398 001 0573640351
ENGLISH 398 003 0262531143
ENGLISH 398 003 0872864790
ENGLISH 398 003 0976605457
ENGLISH 398 003 0822218410
ENGLISH 403 001 0495906417
ENGLISH 403 002 0140137327
ENGLISH 403 002 0753826917
ENGLISH 403 002 0521645220
ENGLISH 403 002 0521785693
ENGLISH 403 002 0521388961
ENGLISH 403 002 0199228175
ENGLISH 403 002 0521031605
ENGLISH 403 002 0307386376
ENGLISH 403 002 0141008970
ENGLISH 403 002 0299081443
ENGLISH 407 001 0679732268
ENGLISH 407 001 0060935464
ENGLISH 407 001 0061120065
ENGLISH 407 001 0156028352
ENGLISH 407 001 038531387X
ENGLISH 407 002 0061228400
ENGLISH 407 003 0140186247
ENGLISH 407 003 0679729267
ENGLISH 407 003 0375707972
ENGLISH 407 003 0300070578
ENGLISH 407 003 0140188932
ENGLISH 407 003 0374500010
ENGLISH 407 003 0226772357
ENGLISH 407 003 1585670162
ENGLISH 407 003 0879238933
ENGLISH 407 004 2100111116
ENGLISH 409 001 155635780X
ENGLISH 411 001 0812923278
ENGLISH 411 002 0679751319
ENGLISH 411 002 0805210601
ENGLISH 411 002 0807004235
ENGLISH 411 002 0140283358
ENGLISH 411 002 0375726624
ENGLISH 411 002 1595581855
ENGLISH 411 002 1595581030
ENGLISH 416 001 1400032717
ENGLISH 416 001 0345447549
ENGLISH 416 001 1400082153
ENGLISH 416 001 1590511298
ENGLISH 420 001 0961392142
ENGLISH 420 001 0465067107
ENGLISH 423 001 0140079491
ENGLISH 423 001 039332124X
ENGLISH 423 001 0143112724
ENGLISH 424 001 0226863522
ENGLISH 424 001 1934200409
ENGLISH 424 001 0887485359
ENGLISH 424 001 0981859186
ENGLISH 424 001 1932511849
ENGLISH 424 001 0822961350
ENGLISH 425 001-002 2100111140
ENGLISH 425 001-002 0618835954
ENGLISH 441 001 2100111140
ENGLISH 441 001 0393977927
ENGLISH 441 001 1555975496
ENGLISH 442 001 2100111140
ENGLISH 442 001 0226763439
ENGLISH 442 001 0801842433
ENGLISH 442 001 0472105132
ENGLISH 442 001 0691069999
ENGLISH 442 001 0691063451
ENGLISH 442 001 041560687X
ENGLISH 443 001 1428288155
ENGLISH 443 001 1557833095
ENGLISH 443 002 1428288147
ENGLISH 450 001 0921149921
ENGLISH 450 001 0140447598
ENGLISH 450 001 0393928306
ENGLISH 450 001 0486451011
ENGLISH 450 001 1879288621
ENGLISH 450 001 1580441254
ENGLISH 450 002 1904271332
ENGLISH 450 002 0393976556
ENGLISH 450 002 1903436818
ENGLISH 450 003 0253207878
ENGLISH 450 003 0140430431
ENGLISH 450 003 0921149921
ENGLISH 450 003 0140447598
ENGLISH 450 003 0802063683
ENGLISH 451 002 0141439777
ENGLISH 451 002 019953554X
ENGLISH 451 002 0307388778
ENGLISH 451 002 0199536988
ENGLISH 451 002 0307278352
ENGLISH 452 001 0743243315
ENGLISH 452 001 0679730346
ENGLISH 452 001 067943965X
ENGLISH 452 001 0375501851
ENGLISH 452 001 1400076196
ENGLISH 461 001 0472084100
ENGLISH 461 001 0199535558
ENGLISH 461 001 0199537933
ENGLISH 461 001 0199537151
ENGLISH 461 001 0393927202
ENGLISH 464 001 0141181249
ENGLISH 464 001 087140155X
ENGLISH 464 001 0811202291
ENGLISH 464 001 081121298X
ENGLISH 464 001 081120958X
ENGLISH 464 001 0393306720
ENGLISH 464 001 0811202321
ENGLISH 464 001 0871401541
ENGLISH 464 001 0811202283
ENGLISH 464 002 0140481346
ENGLISH 464 002 0140481354
ENGLISH 464 002 0140481621
ENGLISH 464 002 0811214044
ENGLISH 464 002 0141185465
ENGLISH 464 002 0375709177
ENGLISH 464 002 0300093055
ENGLISH 464 002 0142437336
ENGLISH 464 002 0811216020
ENGLISH 464 002 0811216012
ENGLISH 464 002 0140481931
ENGLISH 464 002 0141191090
ENGLISH 464 002 0140249389
ENGLISH 464 003 0393974960
ENGLISH 464 003 0877458545
ENGLISH 469 001 0521655439
ENGLISH 469 001 0679642536
ENGLISH 478 001 2100111116
ENGLISH 497 001 0679732241
ENGLISH 497 001 067973225X
ENGLISH 497 001 006083756X
ENGLISH 497 001 0061120065
ENGLISH 497 001 0060854081
ENGLISH 497 001 0061350176
ENGLISH 497 001 0061450200
ENGLISH 501 001 155635780X
ENGLISH 516 001 0961392142
ENGLISH 516 001 0465067107
ENGLISH 540 001 0140186247
ENGLISH 540 001 0679729267
ENGLISH 540 001 0375707972
ENGLISH 540 001 0300070578
ENGLISH 540 001 0140188932
ENGLISH 540 001 0374500010
ENGLISH 540 001 0226772357
ENGLISH 540 001 1585670162
ENGLISH 540 001 0879238933
ENGLISH 540 002 014042346X
ENGLISH 540 002 0807117994
ENGLISH 540 002 019508361X
ENGLISH 540 002 0393926486
ENGLISH 540 002 0140424555
ENGLISH 540 002 019281933X
ENGLISH 540 002 0140424571
ENGLISH 540 002 0195153871
ENGLISH 540 003 2100111116
ENGLISH 540 005 0140137327
ENGLISH 540 005 0753826917
ENGLISH 540 005 0521785693
ENGLISH 540 005 0948518251
ENGLISH 540 005 0199228175
ENGLISH 540 005 0521031605
ENGLISH 540 005 0307386376
ENGLISH 540 005 0198128835
ENGLISH 541 001 0253207878
ENGLISH 541 001 0140430431
ENGLISH 541 001 0921149921
ENGLISH 541 001 0140447598
ENGLISH 541 001 0802063683
ENGLISH 569 001 0547336918
ENGLISH 574 001 1597094684
ENGLISH 574 001 1555975526
ENGLISH 574 001 1930974795
ENGLISH 574 001 0393321681
ENGLISH 574 001 1571314377
ENGLISH 574 001 0140587640
ENGLISH 574 001 0226719448
ENGLISH 574 001 1555973590
ENGLISH 574 001 193553601X
ENGLISH 574 001 0156074060
ENGLISH 574 002 1597094684
ENGLISH 574 002 1555975526
ENGLISH 574 002 1930974795
ENGLISH 574 002 0393321681
ENGLISH 574 002 1571314377
ENGLISH 574 002 0140587640
ENGLISH 574 002 0226719448
ENGLISH 574 002 1555973590
ENGLISH 574 002 193553601X
ENGLISH 574 002 0156074060
ENGLISH 579 001 0684822768
ENGLISH 579 001 0811202291
ENGLISH 579 001 1931243336
ENGLISH 579 001 0743291638
ENGLISH 579 001 0979312302
ENGLISH 579 001 1933517298
ENGLISH 579 001 1555974074
ENGLISH 579 001 1400097010
ENGLISH 579 001 0393076350
ENGLISH 579 001 0819569097
ENGLISH 579 001 0451528727
ENGLISH 579 001 0156983508
ENGLISH 579 001 0140112456
ENGLISH 627 001 0199256055
ENGLISH 627 001 1405147245
ENGLISH 627 001 0226486990
ENGLISH 627 001 1844671852
ENGLISH 627 002 0674008022
ENGLISH 627 002 1933254467
ENGLISH 635 001 0872860175
ENGLISH 635 001 0060931728
ENGLISH 635 001 1931243336
ENGLISH 635 001 0811213021
ENGLISH 635 001 0872860353
ENGLISH 635 001 0140586687
ENGLISH 635 001 0520217004
ENGLISH 635 001 0679765999
ENGLISH 646 001 039309071X
ENGLISH 646 001 0472084100
ENGLISH 646 001 0199540039
ENGLISH 646 001 0199537933
ENGLISH 646 001 0199563276
ENGLISH 646 001 0199536872
ENGLISH 646 001 1857548574
ENGLISH 646 001 0199230633
ENGLISH 646 001 0199555400
ENVSTD 105 001 0521732557
ENVSTD 110 001 2100111124
ENVSTD 139 001 0374514313
ENVSTD 139 001 1559636637
ENVSTD 139 001 0615124607
ENVSTD 139 020 0393328325
ENVSTD 139 020 0970950063
ENVSTD 139 020 0520261003
ENVSTD 139 020 0307396096
ENVSTD 209 001 1429240296
ENVSTD 222 001 0822344513
ENVSTD 232 001 039392629X
ENVSTD 290 001 2100111140
ENVSTD 290 001 0143038583
ENVSTD 290 001 0520258061
ENVSTD 306 001 1597264954
ENVSTD 306 001 0472033719
ENVSTD 320 001 0768919797
ENVSTD 335 001 2100111140
ENVSTD 335 001 0814715370
ENVSTD 335 001 0199562482
ENVSTD 345 001 0262571609
ENVSTD 360 001 0914004492
ENVSTD 377 001 019505928X
ENVSTD 377 001 0140249192
ENVSTD 377 001 0679741879
ENVSTD 377 001 0060587148
ENVSTD 377 001 0679741933
ENVSTD 377 001 0231112327
ENVSTD 391 001 0385519044
ENVSTD 436 001 0472089218
ENVSTD 442 001 1577666690
ENVSTD 442 001 0340663138
ENVSTD 500 001 0470404876
FRENCH 101 001-013 0547218729
FRENCH 101 001-013 0934034370
FRENCH 101 001-013 0547218532
FRENCH 101 001-014 0547218729
FRENCH 101 001-014 0934034370
FRENCH 101 001-014 0547218532
FRENCH 103 001-017 0934034370
FRENCH 103 001-017 0618924027
FRENCH 103 001-017 0547218532
FRENCH 103 002-020 0934034370
FRENCH 103 002-020 0618924027
FRENCH 103 002-020 0547218532
FRENCH 190 50 2100111159
FRENCH 190 50 1428280561
FRENCH 190 50 1428262792
FRENCH 190 50 1428231315
FRENCH 190 50 1428262776
FRENCH 190 50 0934034370
FRENCH 231 001-025 0547218729
FRENCH 231 001-025 0934034370
FRENCH 232 001-021 0073535419
FRENCH 232 001-021 0934034370
FRENCH 232 002-021 0073535419
FRENCH 232 002-021 0934034370
FRENCH 235 002-009 2100111140
FRENCH 235 002-009 0071546057
FRENCH 235 002-009 2849022527
FRENCH 270 005 2080708627
FRENCH 270 005 2253041475
FRENCH 270 005 2080704583
FRENCH 270 005 207041308X
FRENCH 274 001 0873527771
FRENCH 274 001 2020314312
FRENCH 274 001 2253045578
FRENCH 274 001 2011681359
FRENCH 274 001 2266054015
FRENCH 274 001 048640658X
FRENCH 378 001 2707302902
FRENCH 378 001 2707319929
FRENCH 378 001 2070362760
FRENCH 378 001 2012789137
FRENCH 378 001 2707304034
FRENCH 855 001 2070360733
FRENCH 855 001 0802150268
FRENCH 855 001 0312420099
FRENCH 855 001 0374532338
FRENCH 855 001 0199539138
FRENCH 855 001 019953912X
FRENCH 855 001 207020541X
FRENCH 855 001 2070392457
FRENCH 855 001 0143039229
GEOG 201 001 1429240296
GEOLOGY 171 001 2100111124
GEOLOGY 201 001 1429240296
GEOLOGY 222 001 039392629X
GEOLOGY 314 001 0521893070
GEOLOGY 315 001 0471721573
GEOLOGY 351 001 039392467X
GEOLOGY 351 001 1405116528
GEOLOGY 381 001 0972903313
GEOLOGY 442 001 1577666690
GEOLOGY 442 001 0340663138
GEOLOGY 451 001 039392467X
GEOLOGY 451 001 1405116528
GEOLOGY 513 001 2100111116
GEOLOGY 515 001 2100111116
GEOLOGY 580 001 0471384372
GERMAN 101 001-006 340776006X
GERMAN 101 001-006 0139536213
GERMAN 101 001-006 0070082081
GERMAN 101 001-006 3551681538
GERMAN 101 001-006 0934034389
GERMAN 101 001-006 0061374881
GERMAN 102 101 3789119520
GERMAN 102 101 0669201596
GERMAN 102 101 0139536213
GERMAN 102 101 3770400011
GERMAN 102 101 0070082081
GERMAN 102 101 3126754937
GERMAN 102 101 3888973325
GERMAN 102 101 0934034389
GERMAN 102 101 0061374881
GERMAN 103 101 340776006X
GERMAN 103 101 0139536213
GERMAN 103 101 0070082081
GERMAN 103 101 0934034389
GERMAN 103 101 0061374881
GERMAN 111 001 1413033490
GERMAN 111 001 0415316332
GERMAN 111 001 0061374903
GERMAN 221 002-003 3126756891
GERMAN 221 002-003 8877548088
GERMAN 221 002-003 0139536213
GERMAN 221 002-003 0070082081
GERMAN 221 002-003 3551354014
GERMAN 221 002-003 3423078006
GERMAN 221 002-003 3125592208
GERMAN 221 002-003 0415316332
GERMAN 221 002-003 0934034389
GERMAN 221 002-003 0061374881
GERMAN 221 002-003 1439082782
GERMAN 231 001-006 3126756891
GERMAN 231 001-006 8877548088
GERMAN 231 001-006 0139536213
GERMAN 231 001-006 0070082081
GERMAN 231 001-006 3551354014
GERMAN 231 001-006 3423078006
GERMAN 231 001-006 3125592208
GERMAN 231 001-006 0415316332
GERMAN 231 001-006 0934034389
GERMAN 231 001-006 0061374881
GERMAN 231 001-006 1439082782
GERMAN 232 001 0139536213
GERMAN 232 001 0061374903
GERMAN 232 001 0934034389
GERMAN 232 004 0395040892
GERMAN 232 004 3411088567
GERMAN 232 004 0071396543
GERMAN 232 004 0061374903
GERMAN 330 001 0300044801
GERMAN 330 001 0691115192
GERMAN 330 001 0674576403
GERMAN 375 001 0140441379
GERMAN 375 001 0192803735
GERMAN 375 001 0520234774
GERMAN 375 001 0140449310
GERMAN 375 001 0140447385
GERMAN 375 001 0393334155
GERMAN 375 001 0520253965
GERMAN 375 001 0810107678
GERMAN 375 001 0140444742
GERMAN 379 001 069107447X
GERMAN 379 001 069113751X
GERMAN 449 003 0679764895
GERMAN 449 003 0375756566
GERMAN 449 003 1564783936
GERMAN 449 003 0199555362
GERMAN 449 003 0865476128
GERMAN 499 001 2100111116
GERMAN 501 001 155635780X
GERMAN 731 001 0674131789
GERMAN 731 001 080147454X
GERMAN 731 001 0340705841
GERMAN 731 001 1403994625
GERMAN 731 001 0807848379
GERMAN 731 001 0674026780
GERMAN 731 001 0521177308
GERMAN 731 001 0801477603
GERMAN 731 001 0674048725
GERMAN 731 001 069114317X
GERMAN 731 001 0674032314
GREATBK 191 001 0140445927
GREATBK 191 001 0226307786
GREATBK 191 001 0452007178
GREATBK 191 001 0140268863
GREATBK 191 001 0684827905
GREATBK 191 001 0872200337
GREATBK 191 001 1400031141
GREATBK 291 001 0679734503
GREATBK 291 001 0553213415
GREATBK 291 001 0060934344
GREATBK 291 001 0199537585
GREATBK 291 001 039392808X
GREEK-CL 101 001 0823216632
GREEK-CL 101 002 0823216632
GREEK-CL 301 001 0806141425
GREEK-CL 301 001 0806141433
GREEK-CL 401 001 0199102066
GREEK-CL 401 001 0521588596
GREEK-CL 494 001 0226065669
GREEK-CL 502 001 0823216632
GREEK-CL 502 002 0823216632
GREEK-CL 507 001 0806141425
GREEK-CL 507 001 0806141433
GREEK-MD 101 001 0194325687
GREEK-MD 101 001 9608464080
GREEK-MD 101 001 9608464110
GREEK-MD 101 001 9608464129
GREEK-MD 101 001 960791418X
GREEK-MD 201 001 0194325687
GREEK-MD 201 001 960791421X
GREEK-MD 201 001 9607914236
GREEK-MD 201 001 9607914244
GREEK-MD 201 001 9607914198
GREEK-MD 214 001 0313342962
GREEK-MD 214 001 1883513049
GREEK-MD 214 001 0810116995
GREEK-MD 301 001 9602310820
GREEK-MD 494 001 0226065669
GREEK-MD 501 001 0823216632
GREEK-MD 501 001 0194325687
GREEK-MD 501 001 9608464080
GREEK-MD 501 001 9608464110
GREEK-MD 501 001 9608464129
GREEK-MD 501 001 960791418X
GREEK-MD 503 001 0194325687
GREEK-MD 503 001 960791421X
GREEK-MD 503 001 9607914236
GREEK-MD 503 001 9607914244
GREEK-MD 503 001 9607914198
GREEK-MD 505 001 9602310820
GREEK-MD 556 001 019823600X
GREEK-MD 556 001 0674993187
GREEK-MD 556 001 069101650X
GREEK-MD 556 001 0691016518
GREEK-MD 556 001 225100047X
HIST 110 001 0195156943
HIST 110 001 1551116936
HIST 195 006 031241501X
HIST 196 002 0805205721
HIST 196 002 047208609X
HIST 196 002 0814314708
HIST 196 002 0300151640
HIST 196 002 0252069773
HIST 197 001 0375703861
HIST 197 001 0679739793
HIST 197 001 0375705503
HIST 197 001 0375713123
HIST 197 001 0375714472
HIST 197 001 1594484465
HIST 197 001 0312253044
HIST 197 001 0312424671
HIST 197 001 1596923075
HIST 197 003 067974472X
HIST 197 003 0912607009
HIST 197 003 1400048575
HIST 197 006 0822348055
HIST 197 006 0295991399
HIST 197 006 0140278028
HIST 200 001 2100111140
HIST 200 001 0140440399
HIST 200 001 0140513353
HIST 200 001 0199535663
HIST 204 001 0547005393
HIST 206 001 0374525919
HIST 206 001 0199736324
HIST 206 001 0521716276
HIST 208 001 2100111140
HIST 208 001 0393934934
HIST 210 001 0814612725
HIST 210 001 0813209382
HIST 210 001 0881412457
HIST 210 001 0140444629
HIST 210 001 1406546674
HIST 210 001 1442601221
HIST 224 001 0393977471
HIST 224 001 0804756325
HIST 230 001 0809015811
HIST 230 001 0674022572
HIST 230 001 0807857718
HIST 241 001 2100111140
HIST 241 001 0813336155
HIST 241 001 0465003516
HIST 241 001 1416551484
HIST 241 001 0306820331
HIST 244 001 0199895430
HIST 250 001 0804707200
HIST 250 001 047208528X
HIST 250 001 0472115332
HIST 250 001 0472115340
HIST 250 001 0205790542
HIST 260 001 0195098358
HIST 260 001 0472064312
HIST 260 001 0802801544
HIST 260 001 0271026766
HIST 260 001 0140447601
HIST 260 001 1557094640
HIST 260 001 0205642829
HIST 260 001 0143106066
HIST 270 001 0520070631
HIST 270 001 0395964199
HIST 270 001 0534627390
HIST 284 001 2100111140
HIST 284 001 0226726770
HIST 284 001 029915324X
HIST 284 001 0395954355
HIST 284 001 0275980928
HIST 284 001 0807848905
HIST 284 001 0195135393
HIST 284 001 0156027771
HIST 286 001 0802063691
HIST 286 001 0679724532
HIST 286 001 006064334X
HIST 286 001 0521313104
HIST 286 001 0823209679
HIST 286 001 0913836117
HIST 302 001 0500287864
HIST 302 001 0199540047
HIST 302 001 0140449485
HIST 302 001 0199537380
HIST 302 001 0199540136
HIST 302 001 0199261083
HIST 303 001 2100111116
HIST 303 004 0691121869
HIST 303 004 0520269241
HIST 303 004 1604611332
HIST 303 004 0814334695
HIST 305 001 1573226068
HIST 305 001 0807847429
HIST 305 001 0674018265
HIST 305 001 081352203X
HIST 305 001 1565129768
HIST 305 001 1588260852
HIST 320 001 014013624X
HIST 320 001 0452270073
HIST 320 001 0143039237
HIST 324 001 1405149116
HIST 324 001 0631235817
HIST 328 001 0140449302
HIST 328 001 0719034981
HIST 328 001 0393000451
HIST 328 001 0691058911
HIST 328 002 014013168X
HIST 328 002 0143112368
HIST 328 002 0801484405
HIST 328 002 0691125430
HIST 328 002 1852421517
HIST 328 002 0521690226
HIST 329 002 0262581523
HIST 329 002 0816638772
HIST 329 002 0415965403
HIST 329 002 1592131417
HIST 332 001 0156027518
HIST 332 001 0195137043
HIST 332 001 0195340558
HIST 335 001 0791408205
HIST 335 001 0582414911
HIST 337 001 0312116950
HIST 337 001 0393317080
HIST 337 001 014042430X
HIST 337 001 0312442661
HIST 337 001 0767901118
HIST 343 001 0674940520
HIST 343 001 052162942X
HIST 343 001 0226238059
HIST 343 001 0307386791
HIST 343 001 0674146913
HIST 343 001 0691070180
HIST 347 001 0822322919
HIST 347 001 0195125126
HIST 347 001 0521527317
HIST 347 001 0807070734
HIST 347 001 1405183683
HIST 347 001 0300158548
HIST 353 001 1566397537
HIST 353 001 1885030320
HIST 361 001 0486284956
HIST 361 001 0486290387
HIST 361 001 0486404293
HIST 361 001 0486440281
HIST 361 001 0195392922
HIST 361 001 0195392930
HIST 361 001 0486299880
HIST 361 001 0393319628
HIST 361 001 0674167112
HIST 361 001 0486290735
HIST 361 001 0486408930
HIST 361 001 0140447601
HIST 361 001 1593082827
HIST 369 001 0306810247
HIST 369 001 0312425791
HIST 369 001 0252072952
HIST 369 001 0807843164
HIST 369 001 0807853992
HIST 369 001 0816644233
HIST 369 001 0307389979
HIST 372 001 0674955218
HIST 372 001 0415933951
HIST 372 001 0312535031
HIST 372 001 0521695449
HIST 375 001 2100111140
HIST 375 001 0674785266
HIST 375 001 0812217519
HIST 375 001 0142437336
HIST 375 001 0500286345
HIST 375 001 0312484550
HIST 396 001 0140170367
HIST 396 001 0312257376
HIST 396 001 0393979164
HIST 396 001 019530568X
HIST 396 001 0199555834
HIST 396 001 0143105175
HIST 396 001 0486431320
HIST 396 001 0465018505
HIST 396 002 047210117X
HIST 396 002 047208528X
HIST 396 002 0300028849
HIST 396 002 0472115332
HIST 396 002 0472115340
HIST 396 004 0801843871
HIST 396 004 0807843490
HIST 396 004 0451529308
HIST 396 004 0226112349
HIST 396 004 1558493174
HIST 396 004 0807844721
HIST 397 001 080188196X
HIST 397 001 0700614435
HIST 397 001 1577664043
HIST 397 001 0415802113
HIST 397 003 0679728562
HIST 397 003 0199237670
HIST 397 003 0141030631
HIST 397 003 0312157118
HIST 397 004 0226871460
HIST 397 004 0970821654
HIST 397 004 0674030680
HIST 397 004 0520257715
HIST 397 004 0674034600
HIST 397 004 0674027590
HIST 399 001 0385480016
HIST 399 001 0674135865
HIST 399 001 0226065669
HIST 405 001 0140445358
HIST 405 001 0140435263
HIST 405 001 0199537828
HIST 405 001 0141441933
HIST 408 001 0802066674
HIST 408 001 0813511984
HIST 408 001 0802063691
HIST 408 001 0486203980
HIST 408 001 0140455280
HIST 408 001 0812211286
HIST 408 001 0299039447
HIST 408 001 0375700196
HIST 408 001 006064334X
HIST 408 001 0913836443
HIST 463 001 0312463308
HIST 463 001 0312112130
HIST 463 001 0674695011
HIST 463 001 0312442661
HIST 463 001 0393932265
HIST 463 001 0195146557
HIST 466 001 0809015749
HIST 466 001 0807849383
HIST 466 001 1560254459
HIST 466 001 0809016389
HIST 466 001 0691122350
HIST 466 001 0691126054
HIST 466 001 0801846978
HIST 476 001 0133892557
HIST 478 001 0822322919
HIST 478 001 0195125126
HIST 478 001 0521527317
HIST 478 001 0807070734
HIST 478 001 1405183683
HIST 478 001 0300158548
HIST 491 001 1577660633
HIST 491 001 0521466482
HIST 491 001 032478662X
HIST 498 001 0140137327
HIST 498 001 0753826917
HIST 498 001 0521785693
HIST 498 001 0948518251
HIST 498 001 0199228175
HIST 498 001 0521031605
HIST 498 001 0307386376
HIST 498 001 0198128835
HIST 591 001 0140137327
HIST 591 001 0753826917
HIST 591 001 0521785693
HIST 591 001 0948518251
HIST 591 001 0199228175
HIST 591 001 0521031605
HIST 591 001 0307386376
HIST 591 001 0198128835
HIST 615 001 0226871460
HIST 615 001 0520075684
HIST 615 001 0691090106
HIST 615 001 0195309340
HIST 615 001 0674019490
HIST 615 001 0822337959
HIST 615 001 0674030680
HIST 615 001 1400052181
HIST 615 001 080785882X
HIST 615 001 0393329992
HIST 615 001 0822317621
HIST 615 001 0691140952
HIST 615 001 0674057406
HIST 615 001 0691150060
HIST 615 002 0226871460
HIST 615 002 0807043117
HIST 615 002 0674019490
HIST 615 002 0674027205
HIST 615 002 0520217047
HIST 615 002 0674034651
HIST 615 002 069105889X
HIST 615 002 0822334178
HIST 615 002 0300171552
HIST 615 002 0822323486
HIST 615 002 080785882X
HIST 615 002 0822328674
HIST 615 002 0143118765
HIST 629 001 081392927X
HIST 629 001 0821416995
HIST 629 001 0521156297
HIST 629 001 0253215889
HIST 629 001 0521779227
HIST 629 001 025322280X
HIST 629 001 0821419188
HIST 629 001 0821411357
HIST 629 001 0822337681
HIST 641 001 0674131789
HIST 641 001 080147454X
HIST 641 001 0340705841
HIST 641 001 1403994625
HIST 641 001 0807848379
HIST 641 001 0674026780
HIST 641 001 0521177308
HIST 641 001 0801477603
HIST 641 001 0674048725
HIST 641 001 069114317X
HIST 641 001 0674032314
HIST 678 001 0520087801
HIST 678 001 041521484X
HIST 678 001 0520250788
HIST 678 001 0822342685
HIST 678 001 1843311291
HIST 678 001 0253220696
HIST 678 001 0231138474
HIST 698 002 019509641X
HIST 698 002 0822341573
HIST 698 002 0807871842
HIST 698 002 0520213807
HIST 698 002 0674027604
HIST 698 002 0674001931
HIST 698 004 0415934435
HIST 698 004 0415965403
HIST 698 004 0679741771
HIST 698 006 1573226068
HIST 698 006 0807847429
HIST 698 006 0674018265
HIST 698 006 081352203X
HIST 698 006 1588260852
HIST 698 006 0804751056
HIST 796 006 1573226068
HIST 796 006 0807847429
HIST 796 006 0674018265
HIST 796 006 081352203X
HIST 796 006 1588260852
HIST 796 006 0804751056
HIST 812 001 1566398568
HISTART 221 001 0205001335
HISTART 271 001 0691009031
HISTART 271 001 0500286507
HISTART 354 001 0465018602
HISTART 354 001 1595821538
HISTART 422 001 0892366001
HJCS 192 001 0143105604
HJCS 200 001 0195139410
HJCS 200 001 0521735041
HJCS 200 001 0195289609
HJCS 200 001 0321398777
HJCS 276 001 0226012972
HJCS 276 001 0195139410
INFO/SIL 531 001 0521113792
INFO/SIL 541  0262511150
INFO/SIL 541  0195128141
INFO/SIL 541  0415189659
INFO/SIL 541  0262013924
INFO/SIL 541  0226300439
INFO/SIL 549 001 080772792X
INFO/SIL 549 001 1403984530
INFO/SIL 549 001 0807750026
INFO/SIL 562 001 0393934241
INFO/SIL 563 001 0393929345
INFO/SIL 633 001 0802077072
INFO/SIL 633 001 0802081797
INFO/SIL 637 001 0226115941
INFO/SIL 637 001 0521635624
INFO/SIL 637 001 0199740542
INFO/SIL 647 001 1591583748
INFO/SIL 666 001 0810860007
INFO/SIL 688 001 012375030X
INFO/SIL 701 001 0262691914
INFO/SIL 701 001 0465067107
INFO/SIL 701 001 0143114948
INFO/SIL 701 001 1592535879
INFO/SIL 701 001 0801475090
INFO/SIL 701 001 0262522950
INFO/SIL 840 001 076191403X
INFO/SIL 840 001 0226065669
ITALIAN 101 002-017 0205189393
ITALIAN 102 001 0205658199
ITALIAN 103 001 0205189393
ITALIAN 231 001-009 0078157552
ITALIAN 232 001 0078157552
ITALIAN 275 003 1413021875
JUDAIC 150 001 0143105604
JUDAIC 205 001 0226012972
JUDAIC 205 001 0195139410
JUDAIC 318 001 0679756450
JUDAIC 318 001 0140189424
JUDAIC 318 001 0143105604
JUDAIC 318 001 0374530289
JUDAIC 318 001 0156278111
JUDAIC 318 001 0061173479
JUDAIC 318 001 1608196119
JUDAIC 318 001 1565849493
JUDAIC 318 001 0679777393
JUDAIC 318 001 0684839741
JUDAIC 318 001 1573229881
JUDAIC 417 001 0140186247
JUDAIC 417 001 0679729267
JUDAIC 417 001 0375707972
JUDAIC 417 001 0300070578
JUDAIC 417 001 0140188932
JUDAIC 417 001 0374500010
JUDAIC 417 001 0226772357
JUDAIC 417 001 1585670162
JUDAIC 417 001 0879238933
JUDAIC 505 001 0226012972
JUDAIC 505 001 0195139410
JUDAIC 576 001 0226012972
JUDAIC 576 001 0195139410
KIN-ATHL 210 001 0838578535
KIN-ATHL 210 001 0721605710
KIN-ATHL 350 001 0781757444
KIN-ATHL 360 001 0443101140
KIN-ATHL 360 001 0803615841
KIN-ATHL 410 001 0736051376
KIN-KIN 510 001 0803619464
KIN-KIN 532 001 0736056394
KIN-KIN 550 001 2100111140
KIN-KIN 550 001 0132102927
KIN-MVS 100 001 0801890632
KIN-MVS 230 001 2100111140
KIN-MVS 230 001 0736059091
KIN-MVS 230 001 0895828081
KIN-MVS 230 001 0073123234
KIN-MVS 230 001 0736064990
KIN-MVS 250 002 0736057927
KIN-MVS 330 001 0736066799
KIN-MVS 330 001 185996284X
KIN-PE 354 001 0736050884
KIN-PE 354 001 0077251326
KIN-PE 354 001 0077305612
KIN-SMC 101 001 0077309537
KIN-SMC 101 003 0077309537
KIN-SMC 313 006 067974195X
KIN-SMC 313 006 0393317552
KIN-SMC 313 006 1439801592
KIN-SMC 331 001 013606602X
KIN-SMC 444 001 0743269519
KIN-SMC 444 001 1594482241
KIN-SMC 444 001 0073529990
LACS 305 001 1573226068
LACS 305 001 0807847429
LACS 305 001 0674018265
LACS 305 001 081352203X
LACS 305 001 1565129768
LACS 305 001 1588260852
LACS 655 002 1573226068
LACS 655 002 0807847429
LACS 655 002 0674018265
LACS 655 002 081352203X
LACS 655 002 1588260852
LACS 655 002 0804751056
LATIN 101 001 0020133405
LATIN 101 001 1585102709
LATIN 101 002 0020133405
LATIN 101 002 1585102709
LATIN 101 003 0020133405
LATIN 101 003 1585102709
LATIN 101 004 0020133405
LATIN 101 004 1585102709
LATIN 102 001 0020133405
LATIN 102 001 1585102709
LATIN 102 001 1585102830
LATIN 102 002 0020133405
LATIN 102 002 1585102709
LATIN 102 002 1585102830
LATIN 103 001 0020133405
LATIN 103 001 1585102709
LATIN 103 001 1585102830
LATIN 195 001 1585101915
LATIN 195 001 1585102016
LATIN 195 001 1585102121
LATIN 231 001-004 2100111140
LATIN 231 001-004 0020133405
LATIN 231 001-004 1585102709
LATIN 232 001 0140449329
LATIN 232 001 1585102261
LATIN 232 002 2100111140
LATIN 232 002 0140449329
LATIN 232 002 1585102261
LATIN 301 001 0865164312
LATIN 301 001 1585100277
LATIN 301 001 0865163413
LATIN 301 001 0865166420
LATIN 301 001 0806136359
LATIN 325 001 1585100919
LATIN 409 001 0806141441
LATIN 409 001 0521007933
LATIN 441 001 0679729526
LATIN 441 001 1853994960
LATIN 494 001 0226065669
LATIN 591 001 0198140622
LATIN 591 001 0521291771
LATIN 591 001 0521459974
LATIN 591 001 0521290015
LATIN 591 001 0801862531
LATIN 591 001 0521295246
LATIN 591 001 0198146043
LATIN 591 001 0198146744
LATIN 591 001 0195320859
LATIN 591 001 0198146531
LATIN 591 001 0788505459
LATIN 591 001 3598712340
LAW 411 001 0314271848
LAW 433 001 073556339X
LAW 435 001 1590316762
LAW 443 001 0195373383
LAW 443 001 0815717202
LAW 443 001 0521677572
LAW 451 001 1587785277
LAW 456 001 1604424648
LAW 457 001 0735568138
LAW 457 001 0808023098
LAW 510 001 0314184023
LAW 510 001 0314275142
LAW 510 002 0735569258
LAW 510 003-004 0314184023
LAW 510 003-004 0314275142
LAW 520 001 1599411504
LAW 520 001 031427426X
LAW 520 002 0314180265
LAW 520 002 188887046X
LAW 520 002 0735582971
LAW 520 003 1599411504
LAW 520 003 1599413191
LAW 520 003 1587787210
LAW 520 004 1599411504
LAW 520 004 1599413191
LAW 520 004 1587787210
LAW 530 001 0314206450
LAW 530 001 1422429873
LAW 530 002 0735557942
LAW 535 001 0073382310
LAW 560 001 0735588996
LAW 560 002 0735588996
LAW 580 001 0735569231
LAW 580 002 0735565600
LAW 590 001-002 2100111116
LAW 590 003-004 0615361161
LAW 590 005-006 0615361161
LAW 590 005-006 0314202722
LAW 590 007-008 0735576726
LAW 590 007-008 0615361161
LAW 590 009-010 1594601518
LAW 590 009-010 0615361161
LAW 590 011-012 0314202722
LAW 601 001 0735587191
LAW 601 001 0735587442
LAW 606 001 0735562784
LAW 612 001 0679772677
LAW 612 001 0735589011
LAW 612 001 1416594914
LAW 630 001 0521728142
LAW 631 001 0314274278
LAW 632 001 1599413396
LAW 641 001 0314189874
LAW 641 001 0314189882
LAW 641 001 0314274251
LAW 644 001 0314183965
LAW 657 001 1599414988
LAW 657 001 1599419653
LAW 658 001 0275992055
LAW 664 001-002 0314184201
LAW 667 001 904113204X
LAW 669 001 0314262083
LAW 669 001 031417723X
LAW 675 001 1599412497
LAW 677 001 1599413426
LAW 677 001 1599418339
LAW 677 001 1599419777
LAW 679 001 1599412578
LAW 679 001 1599419408
LAW 683 001 0314149058
LAW 683 001 0735577196
LAW 683 001 0735590303
LAW 684 001 0735563500
LAW 686 001 0314908153
LAW 699 001 1422470261
LAW 699 001 142249036X
LAW 707 001 1422406938
LAW 712 001 0735570671
LAW 722 001-002 091825518X
LAW 723 001 0735586004
LAW 723 001 0735584109
LAW 723 001 0314264841
LAW 727 001 1422480305
LAW 730 001 0735585105
LAW 731 001 1616329475
LAW 743 01 160930005X
LAW 747 001 1599414171
LAW 747 001 0808026852
LAW 749 001 0314184961
LAW 749 001 0314266828
LAW 750 001 0735576548
LAW 751 001 0137024312
LAW 751 001 0136108865
LAW 753 001 160156127X
LAW 760 001 1599410486
LAW 760 001 1599419785
LAW 780 001 019927942X
LAW 782 001 0674518365
LAW 782 001 0691004005
LAW 782 001 0198761236
LAW 790 001 1590315030
LAW 791 001 1599412330
LAW 796 001 0393090981
LAW 796 001 0393310353
LAW 811 001-002 0314265988
LAW 811 002 0314265988
LAW 857 001 2100111116
LAW 920 001 0314158847
LAW 920 001 0735594414
LAW 940 001 2100111116
LAW 952 001 0735594414
LAW 976 001 0451209826
LING 102 002 0521009693
LING 102 002 0415363071
LING 111 001 0814251633
LING 140 001 0913072362
LING 140 001 0915035634
LING 140 001 0674194241
LING 140 001 0932130097
LING 150 001 1581211279
LING 209 001 0465054625
LING 210 001 2100111116
LING 250 001 093032384X
LING 250 001 1581211317
LING 250 001 158121135X
LING 316 001 1405156392
LING 340 001 0415550068
LING 347 001 1841693820
LING 350 001 0194422240
LING 350 001 0194423603
LING 352 001 0495501719
LING 44 001 063119536X
LING 441 001 0596516495
LING 512 001 1405101237
LING 512 001 1428231269
LING 515 001 0631190678
LING 756 001 0495501719
LLOYD 125 001 0385491204
LLOYD 125 001 037570129X
LLOYD 125 001 1400033438
LLOYD 125 001 0307387178
LLOYD 125 006 0064431789
LLOYD 125 006 0061148512
LLOYD 125 006 0679781269
LLOYD 125 006 0312650310
MACRO 410 001 0125824637
MACRO 412 001 0849339294
MATH 105 001-177 0470484756
MATH 105 001-177 0470547359
MATH 105 001-177 0470917601
MATH 115 001-171 0470089156
MATH 115 001-171 047041412X
MATH 116 001-036 0470089156
MATH 116 001-036 047041412X
MATH 145 001-002 2100111116
MATH 147 001 0070000182
MATH 156 001-007 0495461946
MATH 175 001-002 2100111116
MATH 185 003-004 1425589138
MATH 185 003-004 0914098918
MATH 214 001-002 0136009263
MATH 215 010-090 0538497874
MATH 215 010-090 0840049455
MATH 215 010-090 0840054106
MATH 215 010-090 1133270662
MATH 216 010-060 2100111159
MATH 216 010-060 0136004385
MATH 216 010-060 0136001203
MATH 216 010-060 0131561103
MATH 217 001-005 0321385179
MATH 256 001-004 0470383348
MATH 285 001-003 0495011630
MATH 289 001 2100111116
MATH 295 001 0914098918
MATH 312 001 0387745270
MATH 316 001-002 0470383348
MATH 351 001 0387950605
MATH 371 001 0130130540
MATH 371 001-002 0130130540
MATH 385 001-002 0321654277
MATH 395 001 0201315963
MATH 404 001 0738204536
MATH 412 001-002 0030105595
MATH 417 001-004 0136009263
MATH 419 003-005 0030105676
MATH 423 001-003 1852333308
MATH 423 001-003 0136015867
MATH 424 001-002 0883857545
MATH 425 001-009 013603313X
MATH 431 001-002 0716799480
MATH 433 001 0132641437
MATH 450 001 0133214311
MATH 451 001-004 038790459X
MATH 454 001-003 048667620X
MATH 463 001 0387952233
MATH 463 001 0898715547
MATH 463 001-002 0387952233
MATH 463 001-002 0898715547
MATH 465 001 0136020402
MATH 471 001-002 0130130540
MATH 471 001-002 3642124291
MATH 472 001-002 0321268989
MATH 475 001 0471625469
MATH 481 001 0122384520
MATH 501 001 2100111116
MATH 520 001-002 0938959468
MATH 525 001-003 0123756863
MATH 525 001-003 0198572220
MATH 526 001 038798836X
MATH 526 001 3540761756
MATH 543 001 019957474X
MATH 555 001 0486647625
MATH 556 001 0486422585
MATH 558 001 0123497035
MATH 561 001 0470462728
MATH 561 001 1886529191
MATH 565 001 0521006015
MATH 571 002 0898713617
MATH 575 001 038797329X
MATH 591 001 0132126052
MATH 591 001 0131816292
MATH 593 001 0471433349
MATH 593 001 0387978399
MATH 596 001 0387950699
MATH 602 001 2100111116
MATH 623 001-002 0521497892
MATH 623 001-002 047149741X
MATH 623 001-002 3540221492
MATH 625 001 0521406056
MATH 625 001 0387878580
MATH 625 625 0521406056
MATH 625 625 0387878580
MATH 631 001 0387548122
MATH 631 001 144193099X
MATH 650 001 0122264517
MATH 651 001 3540411607
MATH 656 001 0821849743
MATH 660 001 1886529191
MATH 665 001 2100111116
MATH 675 001 0387950974
MATH 675 001 0521849039
MATH 675 001 0821836331
MATH 675 001 0387984364
MATH 675 001 0521412617
MATH 679 001 2100111116
MATH 697 001 2100111116
MATH 711 001 0817649379
MATH 711 001 081764363X
MATH 731 001 2100111116
MCDB 310 001 2100111159
MCDB 310 001 1429223529
MCDB 310 001 071677108X
MCDB 310 001 1429222638
MCDB 310 001 1429223995
MCDB 310 001 1429223391
MCDB 418 001 0071440119
MCDB 418 001 0071622438
MCDB 419 001 2100111140
MCDB 436 001 0815341237
MCDB 436 001 0815341458
MD-ADM 403 001 185070094X
MD-ADM 403 001 0470567058
MD-ADM 506REN LEC 1416045740
MD-ADM 506REN LEC 1416062165
MD-ADM 506REN LEC 0071605673
MD-BIOC 212 001 0131877488
MD-BIOC 212 001 0136054501
MD-BIOC 415 001 0716787245
MD-BIOC 415 001 1429229365
MD-BIOC 415 001-002 0716787245
MD-BIOC 415 001-002 1429229365
MD-BIOC 451 200 0470570954
MD-BIOIN 463 001 0387952233
MD-BIOIN 463 001 0898715547
MD-BIOIN 463 001-002 0387952233
MD-BIOIN 463 001-002 0898715547
MD-CELL 530 001 0716776014
MD-COMP1 ANATOMY  0781775256
MD-COMP1 BIOCHEM  071677108X
MD-COMP1 BIOCHEM  0470281731
MD-COMP1 BIOCHEM  0470570954
MD-COMP1 BIOCHEM  1429229365
MD-COMP1 CARDIO RESPIRAT 0071437754
MD-COMP1 CARDIO RESPIRAT 0071701206
MD-COMP1 CARDIO RESPIRAT 0781772060
MD-COMP1 CELL MOLE 0815341059
MD-COMP1 CLIN MEDICINE 1416062033
MD-COMP1 CLIN MEDICINE 1416061096
MD-COMP1 COMM  0316802662
MD-COMP1 COMM  0815119925
MD-COMP1 COMM  0781747740
MD-COMP1 HISTOLOGY  044306850X
MD-COMP1 HISTOLOGY  0781772001
MD-COMP1 NUTRITION  1405104740
MD-COMP1 PATHOLOGY  1416031219
MD-COMP1 PHARM  0071604057
MD-COMP1 PHYSIOLOGY  0077350014
MD-COMP1 RENAL  007161303X
MD-COMP1 RENAL  1416045740
MD-COMP1 RENAL  1416062165
MD-COMP1 RENAL  0071605673
MD-COMP1 SOCIAL SCI 0374525641
MD-COMP2 CARDIO  0912912065
MD-COMP2 CARDIO  078177294X
MD-COMP2 CARDIO  1605477230
MD-COMP2 CLIN MEDICINE 1416062033
MD-COMP2 CLIN MEDICINE 1416061096
MD-COMP2 COMM  0316802662
MD-COMP2 COMM  0815119925
MD-COMP2 COMM  0781747740
MD-COMP2 DERMATOLOG  0071599754
MD-COMP2 GENERAL  1416031219
MD-COMP2 GENERAL  1416061096
MD-COMP2 GENERAL  1405104740
MD-COMP2 MUSCULO SKELETAL 089203324X
MD-COMP2 MUSCULO SKELETAL 0387356649
MD-COMP2 MUSCULO SKELETAL 0892032944
MD-COMP2 MUSCULO SKELETAL 1416032851
MD-COMP2 MUSCULO SKELETAL 089203579X
MD-COMP2 MUSCULO SKELETAL 1437708846
MD-COMP2 NEUROSCI  0199734844
MD-COMP2 NEUROSCI  007138183X
MD-COMP2 NEUROSCI  0750674059
MD-COMP2 NEUROSCI  1560556269
MD-COMP2 NEUROSCI  0878930019
MD-COMP2 PHARM  0071604057
MD-COMP2 PSYCHIATRY  1585624004
MD-COMP2 PSYCHIATRY  1605472646
MD-COMP2 RENAL  0781799953
MD-COMP2 RENAL  1416051856
MD-COMP2 RESPIRATOR  0781764149
MD-COMP2 RESPIRATOR  1416050345
MD-INT 460 001 2100111140
MD-INT 460 001 0120884682
MD-MICR 460 001 2100111140
MD-MICR 460 001 0120884682
MD-PHAR 210 001 1416062491
MD-PHYS 201 001 0077485319
MD-PHYS 502 001 0077485319
MD-PHYS 519 001 0077350014
MEMS 110 001 0195156943
MEMS 110 001 1551116936
MEMS 210 001 0814612725
MEMS 210 001 0813209382
MEMS 210 001 0881412457
MEMS 210 001 1442601221
MEMS 210 001 0140444629
MEMS 350 001 0393925315
MEMS 360 001 0140137327
MEMS 360 001 0753826917
MEMS 360 001 0521785693
MEMS 360 001 0948518251
MEMS 360 001 0199228175
MEMS 360 001 0521031605
MEMS 360 001 0307386376
MEMS 360 001 0198128835
MEMS 367 001 0393931447
MEMS 375 001 0140441379
MEMS 375 001 0192803735
MEMS 375 001 0520234774
MEMS 375 001 0140449310
MEMS 375 001 0140447385
MEMS 375 001 0393334155
MEMS 375 001 0520253965
MEMS 375 001 0810107678
MEMS 375 001 0140444742
MENAS 591 001 2100111124
MUS-MHM 123 001 0195396308
MUS-MHM 417 001 0393192741
MUS-MHM 517 001 0393192741
MUS-MT 101 003 0394744128
MUS-MT 101 003 0451528379
MUS-MT 241 002 024081049X
MUS-MT 250 001-002 0073514195
MUS-MT 321 001 1428288155
MUS-MT 321 002 1428288147
MUS-MT 435 001 0195310241
MUS-MT 435 001 0415979595
MUS-MT 521 002 1428288147
MUS-MT 535 001 0195310241
MUS-MT 535 001 0415979595
MUS-PAT 101 001 0415957826
MUS-PAT 101 001 0826416152
MUS-PAT 331 001 0240521633
MUS-TD 250 001-002 0073514195
MUS-TD 321 001 1428288155
MUS-TD 321 001 1557833095
MUS-TD 323 002 0451158717
MUS-TD 323 002 0451171128
MUS-TD 323 002 014048244X
MUS-TD 323 002 0375709177
MUS-TD 323 002 0300093055
MUS-TD 323 002 0142437557
MUS-TD 323 002 0679763961
MUS-TD 323 002 0451167783
MUS-TD 323 002 0452274001
MUS-TD 399 001 0451530225
MUS-TD 399 001 0140447334
MUS-TD 399 001 1575252619
MUS-TD 399 001 0394744128
MUS-TD 399 006 0140481346
MUS-TD 399 006 0140481354
MUS-TD 399 006 0140481621
MUS-TD 399 006 0811214044
MUS-TD 399 006 0141185465
MUS-TD 399 006 0375709177
MUS-TD 399 006 0300093055
MUS-TD 399 006 0142437336
MUS-TD 399 006 0811216020
MUS-TD 399 006 0811216012
MUS-TD 399 006 0140481931
MUS-TD 399 006 0141191090
MUS-TD 399 006 0140249389
MUS-TD 399 009 0917974573
MUS-TD 399 009 0486264785
MUS-TD 399 009 0486277879
MUS-TD 521 001 1428288155
MUS-TD 521 001 1557833095
MUS-TH 241 002 1566080711
MUS-TH 405 001 0801491460
MUSEUM 301 001 0563539135
MUSEUM 301 001 0415357624
MUSEUM 498 001 0679764895
MUSEUM 498 001 0375756566
MUSEUM 498 001 1564783936
MUSEUM 498 001 0199555362
MUSEUM 498 001 0865476128
NATRES 436 001 0472089218
NATRES 501 123 1405102667
NATRES 513 001 1559637722
NATRES 513 001 1422121054
NATRES 560 001 0914004492
NATRES 575 001 0393090981
NATRES 575 001 0393310353
NAVSCI 101 001-003 2100111116
NAVSCI 203 001-003 2100111116
NAVSCI 302 001-003 2100111116
NE-ACABS 200 001 0195139410
NE-ACABS 200 001 0521735041
NE-ACABS 200 001 0195289609
NE-ACABS 200 001 0321398777
NE-ACABS 324 001 1405149116
NE-ACABS 324 001 0631235817
NE-ACABS 342 001 1405149116
NE-ACABS 342 001 0631235817
NE-ACABS 411 001 1575069229
NE-ACABS 485 001 0521741440
NE-ACABS 485 001 0520239490
NE-ACABS 513 001 1405149116
NE-ACABS 513 001 0631235817
NE-ACABS 611 001 2100111116
NE-APTIS 101 001-008 158901104X
NE-APTIS 101 001-008 0916798038
NE-APTIS 141 001 0916798550
NE-APTIS 200 001 0195139410
NE-APTIS 200 001 0521735041
NE-APTIS 200 001 0195289609
NE-APTIS 200 001 0321398777
NE-APTIS 201 001-004 1589010965
NE-APTIS 203 001 0879500034
NE-APTIS 203 001 0472085107
NE-APTIS 203 001 0300144806
NE-APTIS 217 001 0300153910
NE-APTIS 241 001 0916798542
NE-APTIS 411 001 1405155027
NE-APTIS 501 001 0472082612
NE-APTIS 501 001 0472082620
NE-APTIS 517 001 0300153910
NURSING 122 001 1558102825
NURSING 122 001 1558102701
NURSING 122 001 1455793809
NURSING 217 001 0131781022
NURSING 217 001 0135114152
NURSING 217 001 0132892847
NURSING 217 001 032305286X
NURSING 221 001 0131781022
NURSING 221 001 0803615671
NURSING 221 001 0323071503
NURSING 221 001 0132892847
NURSING 221 001 013255867X
NURSING 221 001 013215661X
NURSING 245 001 2100111140
NURSING 245 001 0452265886
NURSING 245 001 1605476730
NURSING 245 001 1582557241
NURSING 254 001 1433805618
NURSING 254 001 0323071503
NURSING 352 001 1433805618
NURSING 352 001 1609133307
NURSING 354 001 1582559996
NURSING 356 001 0131781022
NURSING 356 001 0132899574
NURSING 356 001 013262107X
NURSING 358 001 1418038725
NURSING 358 001 0890420254
NURSING 456 001 1455793825
NURSING 502 001 0781766168
NURSING 532 001 048622340X
NURSING 532 001 0781785626
NURSING 532 001 1433805618
NURSING 532 001 0826105343
NURSING 532 001 0132156881
NURSING 535 001 1433805618
NURSING 535 001 1567933548
NURSING 535 001 1437714161
NURSING 535 001 0309158230
NURSING 535 001 0763783137
NURSING 537 001 0787996149
NURSING 537 002 0787996149
NURSING 543 001 0323099173
NURSING 566 001 0323019838
NURSING 566 001 1597080012
NURSING 566 001 0323057594
NURSING 566 001 0323065848
NURSING 566 001 0323071503
NURSING 566 001 0929240944
NURSING 566 001 0323074170
NURSING 566 001 0803622554
NURSING 577 001 1416003037
NURSING 577 001 0071466339
NURSING 577 001 1605470147
NURSING 577 001 0721603130
NURSING 577 001 1605476676
NURSING 577 001 007174889X
NURSING 577 001 1930808658
NURSING 579 001 1416003037
NURSING 579 001 1433805618
NURSING 579 001 1605470147
NURSING 579 001 0721603130
NURSING 579 001 1605476676
NURSING 579 001 007174889X
NURSING 579 001 1930808658
NURSING 610 001 0316346624
NURSING 610 001 0066620996
NURSING 610 001 1420083805
NURSING 610 001 0470281677
NURSING 610 001 1576751422
NURSING 610 001 007148499X
NURSING 610 001 1412978866
NURSING 610 001 1563273608
NURSING 610 001 0977825302
NURSING 611 001 1416003037
NURSING 611 001 1433805618
NURSING 611 001 0721603130
NURSING 611 001 1608310035
NURSING 611 001 1605476676
NURSING 611 001 007174889X
NURSING 611 001 1930808658
NURSING 634 001 0763757144
NURSING 657 001 0875847471
NURSING 667 001 1585620548
NURSING 667 001 1846192889
NURSING 667 001 0826105017
NURSING 667 001 0763773859
NURSING 830 001 0205459382
NURSING 830 001 0826105076
NURSING 830 001 007047849X
NURSING 830 001 1433805618
NURSING 852  2100111124
NURSING 852 001 0813343755
NURSING 852 001 0140097198
NURSING 875 001 0763783250
NURSING 875 001 0763786772
ORGSTUDY 495 004 1412980399
ORGSTUDY 495 004 0674034945
ORGSTUDY 495 004 0226028569
PH-BIO 601 001 0534243126
PH-BIO 601 002 0534243126
PH-BIO 617 001 047116240X
PH-BIO 619 001 1584880279
PH-BIO 645 001 144197864X
PH-BIO 650 001 0471754951
PH-BIO 675 001 047136357X
PH-BIO 682 001 0387922997
PH-BIO 695 001 0471360937
PH-BIO 855 001 0471137731
PH-BIO 855 001 0387406204
PH-BIO 855 001 0471899879
PH-EHS 513 001 0323065848
PH-EHS 550 001 0195397886
PH-EHS 640 001 0195171691
PH-EHS 642 001 0763777919
PH-EPID 511 001 0123334454
PH-EPID 601 001 0781755646
PH-EPID 606 001 0198565763
PH-EPID 705 201 1416040021
PH-HBHE 600 001 0787996149
PH-HBHE 620 001 0805805281
PH-HBHE 620 001 0195372980
PH-HBHE 662 001 0521002567
PH-HBHE 700 001 0805822232
PH-HMP 200 001 0763763810
PH-HMP 607 001-777 0073530743
PH-HMP 608 001 1567932541
PH-HMP 608 001 0763726753
PH-HMP 610 001 0787995568
PH-HMP 644 001 140517918X
PH-HMP 644 001 156793336X
PH-HMP 654 001 1111007683
PH-HMP 677 001 0071496068
PH-PH 200 001 0763763810
PHAR-PH 406 001 2100111140
PHAR-PH 406 001 1416055185
PHILO 155 001 2100111116
PHILO 158 001 0393960188
PHILO 158 001 067973452X
PHILO 158 001 0393967972
PHILO 158 001 0393976416
PHILO 158 001 0195390369
PHILO 158 001 0307388867
PHILO 158 001 0061450189
PHILO 160 001 2100111140
PHILO 160 001 0534573843
PHILO 160 001 0073386715
PHILO 162 001 0023078251
PHILO 162 001 0023895306
PHILO 162 001 087220605X
PHILO 162 001 1405132310
PHILO 181 001 2100111116
PHILO 196 003 2100111116
PHILO 230 001 014044758X
PHILO 230 001 1886439397
PHILO 232 001 0195052161
PHILO 232 001 1439046948
PHILO 305 001 157586374X
PHILO 305 001 0226280888
PHILO 320 001 0486414442
PHILO 320 001 0486656322
PHILO 320 001 0195132025
PHILO 340 001 0674921011
PHILO 359 001 0915144433
PHILO 359 001 0915144867
PHILO 359 001 0757565778
PHILO 383 001 0199215189
PHILO 383 001 1405107391
PHILO 383 001 1405112298
PHILO 383 002-004 2100111116
PHILO 388 001 0872201368
PHILO 388 001 0691020434
PHILO 388 001 0872203786
PHILO 388 001 0872206335
PHILO 388 001 019953909X
PHILO 401 001 0226481263
PHILO 401 001 0321441699
PHILO 401 001 0205830765
PHILO 408 001 1577660633
PHILO 408 001 0674005112
PHILO 408 001 052160866X
PHILO 416 001 0521527147
PHILO 425 001 2100111116
PHILO 430 001 2100111140
PHILO 430 001 0393960226
PHILO 430 001 0691020027
PHILO 463 001 0872200620
PHILO 463 001 087220152X
PHILO 463 001 1890318760
PHILO 602 001 0521558816
PHILO 602 001 0674011325
PHILO 610 001 019823600X
PHILO 610 001 0674993187
PHILO 610 001 069101650X
PHILO 610 001 0691016518
PHILO 610 001 225100047X
PHILO 615 001 2100111116
PHYSICS 106 003-004 0470223995
PHYSICS 107 001 0813529085
PHYSICS 107 001 0486406768
PHYSICS 112 001 0465024378
PHYSICS 112 001 0142001864
PHYSICS 112 001 080507256X
PHYSICS 116 001 0393339882
PHYSICS 116 001 0393338010
PHYSICS 116 001 9810237456
PHYSICS 140 100 0321785916
PHYSICS 140 100 0321696689
PHYSICS 140 100 0321696654
PHYSICS 140 100-300 0321785916
PHYSICS 140 100-300 0321696689
PHYSICS 140 100-300 0321696654
PHYSICS 141 011-152 0738048917
PHYSICS 160 001 0470503475
PHYSICS 161 001-002 0738048917
PHYSICS 236 013-054 0738048488
PHYSICS 241 013-153 073804847X
PHYSICS 260 001 0470503467
PHYSICS 261 001 073804847X
PHYSICS 340 001 080532187X
PHYSICS 370 001 1429231149
PHYSICS 390 001 0716775506
PHYSICS 401 001 189138922X
PHYSICS 405 001 013805326X
PHYSICS 413 001 0738204536
PHYSICS 430 001 0126409706
PHYSICS 430 001 0470500980
PHYSICS 435 001 0521887054
PHYSICS 453 001 0131118927
PHYSICS 505 001 047130932X
PHYSICS 508 001 0199206651
PHYSICS 511 001 0471887021
PHYSICS 513 001 0521864496
POLISCI 111 001 0300095244
POLISCI 111 001 0872893332
POLISCI 111 001 0205779883
POLISCI 111 001 0393935086
POLISCI 111 001 0415879736
POLISCI 140 001 0205096670
POLISCI 301 001 0872205126
POLISCI 319 001 0060964316
POLISCI 319 001 0809078961
POLISCI 319 001 0700613161
POLISCI 319 001 0743286863
POLISCI 326 001 0872893421
POLISCI 327 001 0691121869
POLISCI 330 001 0393007707
POLISCI 330 001 0140714855
POLISCI 330 001 0140714820
POLISCI 330 001 0385721811
POLISCI 340 001 0520076516
POLISCI 340 001 0691099898
POLISCI 340 001 0071244433
POLISCI 341 001 0521438365
POLISCI 341 001 0300078935
POLISCI 341 001 0300080166
POLISCI 341 001 0077129679
POLISCI 387 001 0300078935
POLISCI 387 001 052158972X
POLISCI 387 001 0691099898
POLISCI 389 005 0764120042
POLISCI 389 005 0393935078
POLISCI 389 005 007804992X
POLISCI 395 001 0156027518
POLISCI 395 001 0195137043
POLISCI 395 001 0195340558
POLISCI 484 001 0679755101
POLISCI 484 001 031224777X
POLISCI 496 001 0743203046
POLISCI 496 001 1604265566
POLISCI 496 001 0226520552
POLISCI 496 001 0205779883
POLISCI 496 001 0521756952
POLISCI 496 001 1451631626
POLISCI 496 004 0679781218
POLISCI 496 004 0822316420
POLISCI 496 004 0520080335
POLISCI 496 004 0195120434
POLISCI 497 001 0801473039
POLISCI 497 001 019956051X
POLISCI 498 002 0521684277
POLISCI 599 001 0071544259
POLISCI 599 001 0131395386
POLISCI 651 001 0691021805
POLISCI 651 001 0674027361
POLISCI 651 001 0521436206
POLISCI 651 001 0521004411
POLISCI 651 001 0262661314
POLISCI 651 001 0521398517
POLISCI 651 001 0691092575
POLISCI 651 001 0262524406
POLISCI 651 001 0521671426
POLISCI 658 001 0198780443
POLISCI 658 001 052158972X
POLISCI 658 001 0691099898
POLISH 121 001 8324206337
POLISH 561 001 8324206337
PORT 101 001 2100111159
PORT 101 001 0764129163
PORT 101 001 0131894056
PORT 101 001 0131894080
PORT 101 001 0071498079
PORT 101 001 0135129397
PORT 231 001 2100111159
PORT 231 001 0764129163
PORT 231 001 0131894056
PORT 231 001 0131894080
PORT 231 001 0071498079
PORT 231 001 0135129397
PORT 415 001 2100111159
PORT 415 001 0764129163
PORT 415 001 0131894056
PORT 415 001 0131894080
PORT 415 001 0071498079
PORT 415 001 0135129397
PSYCH 111 060-061 013603599X
PSYCH 111 060-061 0495601977
PSYCH 111 070 013603599X
PSYCH 111 070 0393136027
PSYCH 111 070 0393136035
PSYCH 111 090 0205001750
PSYCH 112 001 0205001750
PSYCH 120 005 0060907428
PSYCH 120 005 0440245915
PSYCH 120 006 0465036279
PSYCH 120 006 1848728824
PSYCH 225 001 0073382620
PSYCH 230 001 0199291152
PSYCH 230 001 0878937056
PSYCH 230 020 0878933247
PSYCH 242 001 0465054625
PSYCH 250 001 0205748597
PSYCH 250 001 0205806163
PSYCH 260 001 1256307521
PSYCH 270 001 020522900X
PSYCH 303 001 0073370223
PSYCH 307 001 0078050944
PSYCH 310 001 0072874899
PSYCH 310 001 0415991404
PSYCH 310 001 0787995797
PSYCH 310 001 041595200X
PSYCH 310 002 0072874899
PSYCH 310 002 0415991404
PSYCH 310 002 0787995797
PSYCH 310 002 041595200X
PSYCH 349 001 1841693820
PSYCH 351 001 1412950295
PSYCH 351 001 1433805618
PSYCH 352 001 0495501719
PSYCH 355 001 0131113844
PSYCH 355 002 0131113844
PSYCH 356 001 0077888464
PSYCH 384 001 0914004492
PSYCH 393 001 0393007707
PSYCH 393 001 0140714855
PSYCH 393 001 0140714820
PSYCH 393 001 0385721811
PSYCH 401 001 0226041328
PSYCH 401 001 1433805618
PSYCH 401 001 0205706754
PSYCH 401 001 0138894523
PSYCH 401 002 1841690708
PSYCH 401 003 0205609996
PSYCH 402 002 0393927954
PSYCH 413 001 140513206X
PSYCH 438 001 0262523213
PSYCH 476 001 0195188330
PSYCH 477 001 0064408337
PSYCH 477 001 0448431629
PSYCH 477 001 0064408191
PSYCH 477 001 1416936475
PSYCH 477 001 0064472906
PSYCH 477 001 0888994168
PSYCH 477 001 0380709589
PSYCH 477 001 0972457739
PSYCH 477 001 0142403709
PSYCH 477 001 006440238X
PSYCH 477 001 0385739893
PSYCH 477 001 0395253381
PSYCH 477 001 0312317751
PSYCH 477 001 0525479961
PSYCH 478 001 0060914890
PSYCH 478 001 0131729675
PSYCH 488 001 0877229996
PSYCH 488 001 1573226963
PSYCH 509 001 1847879071
PSYCH 509 001 0716719916
PSYCH 613 001 1606230174
PSYCH 613 001 0805837183
PSYCH 613 001 007310874X
PSYCH 654 001 0393001512
PSYCH 654 001 0393001520
PSYCH 751 001 0131113844
PSYCH 756 001 0495501719
PSYCH 759 001 1429216344
PSYCH 808 002 1606238760
PSYCH 877 001 0470007443
PUBLPOL 201 001 0814788076
PUBLPOL 201 001 0195373383
PUBLPOL 210 001 0763763810
PUBLPOL 224 001 0393977471
PUBLPOL 224 001 0804756325
PUBLPOL 320 001 0872899713
PUBLPOL 320 001 1608718670
PUBLPOL 330 001 2100111159
PUBLPOL 330 001 014311526X
PUBLPOL 330 001 0132483238
PUBLPOL 330 001 0132676524
PUBLPOL 495 001 0143034375
PUBLPOL 510 001 0451528034
PUBLPOL 510 001 0205779883
PUBLPOL 510 001 0472030647
PUBLPOL 510 003 0140513973
PUBLPOL 510 003 0742567109
PUBLPOL 510 003 0813344352
PUBLPOL 541 001 0262600277
PUBLPOL 541 001 0321493044
PUBLPOL 541 001 0199553777
PUBLPOL 555 001 0132080230
PUBLPOL 594 001 0393090981
PUBLPOL 594 001 0393310353
PUBLPOL 639 001 0691120358
PUBLPOL 639 001 0138009007
PUBLPOL 675 001 0812219481
PUBLPOL 820 001 0691120358
PUBLPOL 820 001 0199753865
RC-CORE 100 002 0023078251
RC-CORE 100 002 002322410X
RC-CORE 100 002 002367170X
RC-CORE 100 002 0023913606
RC-CORE 100 002 0521427061
RC-CORE 100 002 0679728228
RC-CORE 100 002 0915144433
RC-CORE 100 002 0520215737
RC-CORE 100 002 0872204022
RC-CORE 100 002 0312421702
RC-CORE 100 002 0826414915
RC-CORE 100 002 0674036387
RC-CORE 100 003 0520250079
RC-CORE 100 003 0743235274
RC-CORE 100 003 1932594078
RC-CORE 100 003 031266480X
RC-CORE 100 004 0520250079
RC-CORE 100 004 0743235274
RC-CORE 100 004 1932594078
RC-CORE 100 004 031266480X
RC-CORE 100 010 0140150625
RC-CORE 100 010 0451524934
RC-CORE 100 010 0070116091
RC-CORE 100 010 0521639875
RC-CORE 100 010 0521779138
RC-CORE 100 010 052169163X
RC-CORE 100 011 0679745580
RC-CORE 100 011 0060891548
RC-CORE 100 011 0375708049
RC-CORE 100 012 0156332256
RC-CORE 100 012 0394703693
RC-CORE 100 012 0486247155
RC-CORE 100 012 0500201447
RC-CORE 100 012 0156806479
RC-CORE 100 012 0141441348
RC-CORE 100 013 0143112260
RC-CORE 100 013 0307385906
RC-CORE 100 013 0307276767
RC-CORE 100 013 0307275434
RC-CORE 100 013 0312601433
RC-CORE 100 014 080214439X
RC-CORE 100 014 1559363657
RC-CORE 100 014 0811211967
RC-CORE 100 014 0413154203
RC-CORE 100 014 1936232081
RC-CORE 100 014 1936232324
RC-CORE 100 014 0802144489
RC-CORE 100 016 0140481346
RC-CORE 100 016 0553346113
RC-CORE 100 016 0811214044
RC-CORE 100 016 0679755330
RC-CORE 100 016 1559362316
RC-CORE 100 016 020530902X
RC-HUM 218 001 002322410X
RC-HUM 218 001 0156656051
RC-HUM 218 001 0802130593
RC-HUM 218 001 0684826801
RC-HUM 218 001 0385334141
RC-HUM 218 001 0452285585
RC-HUM 218 001 0451531035
RC-HUM 218 001 0806528478
RC-HUM 218 001 0451530810
RC-HUM 310 001 2100111140
RC-HUM 310 001 0879079592
RC-HUM 310 001 0140442952
RC-HUM 310 001 1551111896
RC-HUM 310 001 0140449280
RC-HUM 310 001 0192842439
RC-HUM 310 001 0451527801
RC-HUM 334 005 0803216750
RC-HUM 334 005 1608190838
RC-HUM 334 005 1859842356
RC-HUM 334 005 1565848225
RC-HUM 334 005 0803270852
RC-HUM 360 001 0140444491
RC-HUM 360 001 0553210351
RC-HUM 360 001 0679720200
RC-HUM 360 001 0140446451
RC-HUM 360 001 0521779138
RC-HUM 360 001 0142180009
RC-HUM 360 001 0140281630
RC-HUM 360 001 0452285585
RC-HUM 360 001 0811217000
RC-HUM 383 001 0451530225
RC-HUM 383 001 0140447334
RC-HUM 383 001 1575252619
RC-HUM 383 001 0394744128
RC-HUM 387 001 0917974573
RC-HUM 387 001 0140441336
RC-HUM 387 001 0486264785
RC-HUM 387 001 0486277879
RC-HUM 387 001 0713670002
RC-HUM 387 001 0199540187
RC-HUM 387 001 1420932454
RC-INTD 391 001 0385519044
RC-LANGS 190 001 2100111159
RC-LANGS 190 001 1428280561
RC-LANGS 190 001 1428262792
RC-LANGS 190 001 1428231315
RC-LANGS 190 001 1428262776
RC-LANGS 190 001 0934034370
RC-LANGS 193 001 0072433965
RC-LANGS 193 001 0072309520
RC-LANGS 193 001 0072309512
RC-LANGS 193 001 0072433930
RC-LANGS 193 001 0471017078
RC-LANGS 193 001 048627375X
RC-LANGS 194 001 0073325589
RC-LANGS 194 001 0073534420
RC-LANGS 195 001 1585101915
RC-LANGS 195 001 1585102016
RC-LANGS 195 001 1585102121
RC-LANGS 196 001 4789009637
RC-LANGS 196 001 4789010015
RC-LANGS 196 001 4789009823
RC-LANGS 196 001 4789010023
RC-LANGS 290 FRENCH 2100111116
RC-LANGS 323 001 2100111140
RC-LANGS 323 001 5865472283
RC-LANGS 323 001 0198614209
RC-LANGS 323 001 5865473638
RC-LANGS 325 001 1585100919
RC-SS 360 002 0262581523
RC-SS 360 002 0816638772
RC-SS 360 002 0415965403
RC-SS 360 002 1592131417
REES 395 001 0156027518
REES 395 001 0195137043
REES 395 001 0195340558
REL 201 001 0195139410
REL 201 001 0521735041
REL 201 001 0195289609
REL 201 001 0321398777
REL 230 001 014044758X
REL 230 001 1886439397
REL 246 001 1405136146
REL 246 001 0691139172
REL 476 001 0140445358
REL 476 001 0140435263
REL 476 001 0199537828
REL 476 001 0141441933
ROMLANG 298 001-002 0205647049
ROMLANG 400 001 0231102674
ROMLANG 400 001 0073386162
ROMLANG 400 001 0335234232
ROMLANG 400 001 1860649289
ROMLANG 400 001 0252074424
ROMLANG 400 001 0816669848
ROMLANG 400 001 0415367824
RUSSIAN 101 001-002 0072309512
RUSSIAN 101 001-002 0072433930
RUSSIAN 101 002 0072309512
RUSSIAN 101 002 0072433930
RUSSIAN 103 001 0072433965
RUSSIAN 103 001 0072309520
RUSSIAN 103 001 0072309512
RUSSIAN 103 001 0072433930
RUSSIAN 103 001 0471017078
RUSSIAN 103 001 048627375X
RUSSIAN 201 001-002 0138137811
RUSSIAN 225 001 0893573019
RUSSIAN 225 001 0631207570
RUSSIAN 225 001 0198610068
RUSSIAN 301 001 1585101184
RUSSIAN 301 001 0300109431
RUSSIAN 301 001 0198614209
RUSSIAN 301 001 1405136391
RUSSIAN 401 001 5865474766
RUSSIAN 401 001 0198614209
RUSSIAN 401 001 1405136391
RUSSIAN 511 001-002 0072309512
RUSSIAN 511 001-002 0072433930
RUSSIAN 511 002 0072309512
RUSSIAN 511 002 0072433930
RUSSIAN 513 001-002 0138137811
RUSSIAN 515 001 1585101184
RUSSIAN 515 001 0300109431
RUSSIAN 515 001 0198614209
RUSSIAN 515 001 1405136391
RUSSIAN 517 001 5865474766
RUSSIAN 517 001 0198614209
RUSSIAN 517 001 1405136391
RUSSIAN 852 001 0679734511
RUSSIAN 852 001 0199540403
RUSSIAN 852 001 0060586974
RUSSIAN 852 001 0140442243
RUSSIAN 852 001 0140449876
RUSSIAN 852 001 0940322579
RUSSIAN 852 001 0812966961
RUSSIAN 852 001 0881411183
SAC 236 001 0679756604
SAC 236 001 0393934632
SAC 309 001 0375701214
SAC 309 001 0060935499
SAC 310 002 1879505843
SAC 310 002 193290736X
SAC 310 002 1557047707
SAC 330 001 0205737544
SAC 330 001 0195019911
SAC 366 001-002 0300044801
SAC 366 001-002 0691115192
SAC 366 001-002 0674576403
SAC 366 003 0553213334
SAC 366 003 0393312836
SAC 366 003 0743273567
SAC 366 003 0743271327
SAC 366 003 0451531035
SAC 366 003 044900371X
SAC 366 003 0140714782
SAC 366 003 0199535523
SAC 366 003 0743456459
SAC 366 003 0826339190
SAC 366 003 0679600213
SAC 366 003 0679748644
SAC 381 001 0252076516
SAC 441 003 1844571815
SAC 632 001 0226769674
SAC 632 001 0231119437
SAC 632 001 0816629315
SAC 632 001 1595584986
SAC 632 001 0813534208
SAC 632 001 1558497285
SAC 632 001 0822333414
SAC 632 001 0816639191
SAC 632 001 081355053X
SAC 632 001 1558499032
SCAND 103 001 9121197571
SCAND 375 001 0140441379
SCAND 375 001 0192803735
SCAND 375 001 0520234774
SCAND 375 001 0140449310
SCAND 375 001 0140447385
SCAND 375 001 0393334155
SCAND 375 001 0520253965
SCAND 375 001 0810107678
SCAND 375 001 0140444742
SLAVIC 151 001 1566564905
SLAVIC 151 001 1566565901
SLAVIC 151 003 0810112000
SLAVIC 151 003 1603290249
SLAVIC 151 003 1843914328
SLAVIC 151 003 0802170013
SLAVIC 151 003 1934824089
SLAVIC 151 004 0300060998
SLAVIC 151 004 0810114844
SLAVIC 151 004 089875271X
SLAVIC 151 004 1596544678
SLAVIC 151 004 0141180145
SLAVIC 151 004 1880100614
SLAVIC 151 005 0967889340
SLAVIC 151 005 1564783758
SLAVIC 151 005 1856100227
SLAVIC 151 005 0156031108
SLAVIC 151 005 1594484619
SLAVIC 151 005 9639776424
SLAVIC 225 001 006099505X
SLAVIC 225 001 0140186247
SLAVIC 225 001 0140186255
SLAVIC 225 001 0805210407
SLAVIC 225 001 0140449914
SLAVIC 395 001 0156027518
SLAVIC 395 001 0195137043
SLAVIC 395 001 0195340558
SOC 100 020 0393935175
SOC 105 001 0226798607
SOC 105 001 0879101369
SOC 105 002 0534214444
SOC 105 003 038547721X
SOC 105 003 0393339726
SOC 105 003 0199751250
SOC 105 003 0385525052
SOC 105 003 1610390067
SOC 105 003 0312541198
SOC 210 001 049581220X
SOC 303 001 155553063X
SOC 303 001 074324754X
SOC 303 001 0520251164
SOC 304 001 0534214444
SOC 320 001 0072874899
SOC 320 001 0415991404
SOC 320 001 0787995797
SOC 320 001 041595200X
SOC 320 002 0072874899
SOC 320 002 0415991404
SOC 320 002 0787995797
SOC 320 002 041595200X
SOC 368 001 0195394763
SOC 379 001 069107447X
SOC 379 001 069113751X
SOC 380 001 0262571609
SOC 395 001 0156027518
SOC 395 001 0195137043
SOC 395 001 0195340558
SOC 465 001 0877229996
SOC 465 001 1573226963
SOC 475 001 0520212134
SOC 475 001 0226066789
SOC 475 001 142920558X
SOC 495 002 0140092331
SOC 495 002 0385494785
SOC 495 002 0226322378
SOC 495 002 0822345994
SOC 495 002 0226978141
SOC 495 004 080188585X
SOC 505 001 0684836386
SOC 505 001 039309040X
SOC 505 001 0674212770
SOC 505 001 0915144867
SOC 505 001 0679724699
SOC 505 001 0679752552
SOC 505 001 0262581086
SOC 505 001 0226067416
SOC 505 001 0226025985
SOC 505 001 080705643X
SOC 505 001 0140439218
SOC 505 001 0199540128
SOC 510 001 049581220X
SOC 595 003 0199256055
SOC 595 003 1405147245
SOC 595 003 0226486990
SOC 595 003 1844671852
SOC 717 001 047116240X
SOCWORK 500 002 0495601691
SOCWORK 500 003 0495601691
SOCWORK 500 005 0495601691
SOCWORK 502 002 0072874899
SOCWORK 502 002 020545223X
SOCWORK 502 002 1412956943
SOCWORK 502 003 0072874899
SOCWORK 502 003 020545223X
SOCWORK 502 003 0195419065
SOCWORK 502 003 1412956943
SOCWORK 502 004 0072874899
SOCWORK 502 004 0195419065
SOCWORK 502 004 0195334760
SOCWORK 502 006 0072874899
SOCWORK 502 006 0195419065
SOCWORK 521 001 1593850328
SOCWORK 521 001 0807029270
SOCWORK 521 001 0205545505
SOCWORK 521 007 1593850328
SOCWORK 521 007 0807029270
SOCWORK 521 007 0205545505
SOCWORK 530 001-009 0840034407
SOCWORK 560 001 1412937752
SOCWORK 560 001 141297299X
SOCWORK 560 001 0471752207
SOCWORK 560 002 0205838782
SOCWORK 560 002 1412996163
SOCWORK 560 006 1412937752
SOCWORK 560 008 0205838782
SOCWORK 560 008 1412996163
SOCWORK 611 001 2100111159
SOCWORK 611 001 0131884980
SOCWORK 611 001 0205748082
SOCWORK 612 001 1572306092
SOCWORK 612 001 0943657903
SOCWORK 612 002 0890420254
SOCWORK 612 002 1572306092
SOCWORK 612 003 1572306092
SOCWORK 612 003 0943657903
SOCWORK 614 002 0471419788
SOCWORK 617 001 0073405469
SOCWORK 617 001 0826101208
SOCWORK 617 001 0470401818
SOCWORK 617 001 1560322780
SOCWORK 617 003 1560322780
SOCWORK 617 003 0826101208
SOCWORK 617 003 0073532010
SOCWORK 623 001 0534519717
SOCWORK 623 001 0205747965
SOCWORK 623 002 0205787231
SOCWORK 624 001 0761924698
SOCWORK 624 001 0465092845
SOCWORK 625 001 1606239090
SOCWORK 625 001 1606239449
SOCWORK 625 001 1593853343
SOCWORK 625 002 1609182014
SOCWORK 625 002 1609180623
SOCWORK 625 002 1606239570
SOCWORK 625 002 1606230719
SOCWORK 628 002 1572245492
SOCWORK 628 002 0495604208
SOCWORK 642 001 0205627129
SOCWORK 644 001 0826118089
SOCWORK 654 001 0813534747
SOCWORK 663 001-002 0375758291
SOCWORK 663 001-002 0471212202
SOCWORK 663 001-002 0137009275
SOCWORK 683 001-002 0495601667
SOCWORK 683 004 0495601667
SOCWORK 683 005 0495601667
SOCWORK 694 001 0393309576
SOCWORK 694 001 0205593607
SOCWORK 696 001 0465056539
SOCWORK 696 001 007161494X
SOCWORK 699 001 0471714313
SOCWORK 699 001 0199739110
SOCWORK 700 001 1572305401
SOCWORK 700 001 1572306416
SOCWORK 700 001 1585422959
SOCWORK 700 001 0415800765
SOCWORK 700 001 0671761773
SOCWORK 700 001 078903669X
SOCWORK 700 001 1593853491
SOCWORK 700 001 1573441996
SOCWORK 700 001 0876309678
SOCWORK 700 001 1573440795
SOCWORK 700 001 0415956382
SOCWORK 700 001 1555838650
SOCWORK 700 001 1572243406
SOCWORK 700 001 0789038234
SOCWORK 700 001 0789034476
SOCWORK 710 001 0914004492
SOCWORK 790 001 1888805226
SOCWORK 790 004 0943657571
SOCWORK 790 005 1593854560
SPANISH 100 001-004 0934034362
SPANISH 100 001-004 0558843816
SPANISH 101 001-021 0558412521
SPANISH 101 001-023 0558412521
SPANISH 103 001 0558843816
SPANISH 103 002-031 0558843816
SPANISH 194 001 0073325589
SPANISH 194 001 0073534420
SPANISH 231 001-049 0470578033
SPANISH 232 001-036 0470578041
SPANISH 277 001-029 2100111116
SPANISH 287 001 0073513148
SPANISH 287 003 0073513148
SPANISH 287 005 0073513148
SPANISH 298 001-002 0205647049
SPANISH 355 001 1589012135
SPANISH 371 001 1577663195
SPANISH 473 002 0231100213
SPANISH 473 002 0815312849
SPANISH 485 004 0679755454
SPANISH 485 004 158322078X
SPANISH 485 004 192088811X
SPANISH 487 003 0631229027
SPANISH 855 003 0631229027
STAT 125 001 2100111116
STAT 250 001-005 0738044113
STAT 250 001-005 0738044105
STAT 250 001-005 1133537782
STAT 401 001 007310874X
STAT 403 001 2100111116
STAT 404 001 2100111140
STAT 406 001 1584885459
STAT 406 001 1420063677
STAT 412 001-003 2100111159
STAT 412 001-003 1133297633
STAT 412 001-003 1111655499
STAT 412 001-003 0840065396
STAT 425 001-009 013603313X
STAT 426 001-002 0534399428
STAT 470 001 0470128666
STAT 500 001 1584884258
STAT 500 001 158488424X
STAT 500 002 1584884258
STAT 500 002 158488424X
STAT 504 001 0470457988
STAT 505 001 0534243126
STAT 525 001-003 0123756863
STAT 525 001-003 0198572220
STAT 526 001 0198572220
STAT 526 001 0123756863
STAT 580 001 047116240X
STAT 600 001 2100111116
STAT 610 001 0387985026
STAT 610 001 0387938389
STAT 612 001 0521784506
STAT 612 001 0387946403
STAT 620 001 0471120626
STAT 620 001 0123756863
STAT 620 001 1441931716
STAT 625 001 0521406056
STAT 625 001 0387878580
SURVMETH 600 001 0470465468
SURVMETH 613 001 1420080660
SURVMETH 617 001 047116240X
SURVMETH 632 001 0521576296
SURVMETH 673 001 0226527832
SURVMETH 685 001 1441923209
SURVMETH 720 001 0471678511
SURVMETH 720 001 0471869082
SURVMETH 895 001 0471293415
SURVMETH 895 002 0471137731
SURVMETH 895 002 0387406204
SURVMETH 895 002 0471899879
SWEETLND 100 003 0143035576
SWEETLND 100 011 1603290249
SWEETLND 100 011 031248013X
SWEETLND 100 015 0312534930
SWEETLND 300 001 086709303X
SWEETLND 300 001 0205706754
SWEETLND 300 001 0312661916
SWEETLND 300 002 0312442262
UKRAIN 151 001 1895571294
UKRAIN 551 001 1895571294
UNIVCRS 205 001-003 2100111116
UNIVCRS 304 001 0563539135
UNIVCRS 304 001 0415357624
UNIVCRS 320 001 0072874899
UNIVCRS 320 001 0415991404
UNIVCRS 320 001 0787995797
UNIVCRS 320 001 041595200X
UNIVCRS 320 002 0072874899
UNIVCRS 320 002 0415991404
UNIVCRS 320 002 0787995797
UNIVCRS 320 002 041595200X
URBAN 510 001 0393966518
URBAN 510 001 0205781594
URBAN 560 001 0914004492
URBAN 654 001 0813534747
WOMSTD 225 001 0073382620
WOMSTD 240 001 0073404306
WOMSTD 253 001 0520267842
WOMSTD 315 001 0312111282
WOMSTD 315 001 1879288729
WOMSTD 315 001 0393334155
WOMSTD 315 001 1879288451
WOMSTD 315 001 0918720443
WOMSTD 315 001 1147383952
WOMSTD 315 002 015670160X
WOMSTD 315 002 067972463X
WOMSTD 315 002 0679733744
WOMSTD 315 002 0393311465
WOMSTD 315 002 0811216713
WOMSTD 315 002 0156029324
WOMSTD 324 001 088133717X
WOMSTD 324 001 1577664353
WOMSTD 337 001 0312116950
WOMSTD 337 001 0393317080
WOMSTD 337 001 014042430X
WOMSTD 337 001 0312442661
WOMSTD 337 001 0767901118
WOMSTD 372 001 0674955218
WOMSTD 372 001 0415933951
WOMSTD 372 001 0312535031
WOMSTD 372 001 0521695449
WOMSTD 375 001 2100111140
WOMSTD 375 001 0674785266
WOMSTD 375 001 0812217519
WOMSTD 375 001 0142437336
WOMSTD 375 001 0500286345
WOMSTD 375 001 0312484550
WOMSTD 438 001 0435913522
WOMSTD 438 001 0253217407
WOMSTD 438 001 0253222397
WOMSTD 465 001 0877229996
WOMSTD 465 001 1573226963
WOMSTD 601 001 0813512581
WOMSTD 601 001 0822326175
WOMSTD 601 001 0520252306
WOMSTD 601 001 0822340666
WOMSTD 601 001 0813543517
WOMSTD 601 001 0759109036
WOMSTD 601 001 0748621555
WOMSTD 602 001 0813512581
WOMSTD 602 001 0822326175
WOMSTD 602 001 0520252306
WOMSTD 602 001 0822340666
WOMSTD 602 001 0813543517
WOMSTD 602 001 0759109036
WOMSTD 602 001 0748621555
WOMSTD 652 001 2100111124
WOMSTD 852 001 0813343755
WOMSTD 852 001 0140097198
X-REF DROPPED BOOKS 0521358124
X-REF DROPPED BOOKS 0679727833
X-REF DROPPED BOOKS 0819512087
X-REF DROPPED BOOKS 0631213627
X-REF DROPPED BOOKS 0393924289
X-REF DROPPED BOOKS 0393326934
X-REF DROPPED BOOKS 0071440119
X-REF DROPPED BOOKS 0253207517
X-REF DROPPED BOOKS 0325008582
X-REF DROPPED BOOKS 0555013723
X-REF DROPPED BOOKS 014042430X
X-REF DROPPED BOOKS 0324291558
X-REF DROPPED BOOKS 1599418053
X-REF DROPPED BOOKS 0073129097
X-REF DROPPED BOOKS 1111698503
X-REF DROPPED BOOKS 1903436451
X-REF DROPPED BOOKS 0840065396
X-REF DROPPED BOOKS 0465067573
X-REF DROPPED BOOKS 0521645220
X-REF DROPPED BOOKS 0375725687
X-REF DROPPED BOOKS 1405832835
X-REF DROPPED BOOKS 0521785693
X-REF DROPPED BOOKS 0521423341
X-REF DROPPED BOOKS 0521032989
X-REF DROPPED BOOKS 1844675955
X-REF DROPPED BOOKS 1845117654
X-REF DROPPED BOOKS 1441915850
X-REF DROPPED BOOKS 0521255066
X-REF DROPPED BOOKS 0300094051
X-REF DROPPED BOOKS 0521003695
X-REF DROPPED BOOKS 0521602416
X-REF DROPPED BOOKS 0136025455
X-REF DROPPED BOOKS 0300071531
X-REF DROPPED BOOKS 0948518251
X-REF DROPPED BOOKS 0521032458
X-REF DROPPED BOOKS 0198128835
X-REF MLC A/I 0521683866
X-REF MLC A/I 0521683882
X-REF MLC A/I 0136133681
X-REF MLC ADV 0521683912
X-REF MLC ADV 0521683939
X-REF MLC ADV 0521544890
X-REF MLC BEG 0521601495
X-REF MLC BEG 052160155X
X-REF MLC BEG 1424056039
X-REF MLC INT 0521601940
X-REF MLC INT 0521602009
X-REF MLC INT 0132336456
X-REF MLC TOEFL 1887744940
X-REF SCATOLOGY 666 007297706X
X-REF SCATOLOGY 666 1133163653
X-REF SCATOLOGY 666 0449213943
X-REF SCATOLOGY 666 0691003955
X-REF SCATOLOGY 666 029595289X
X-REF SCATOLOGY 666 0877225001
X-REF SCATOLOGY 666 0679720227
X-REF SCATOLOGY 666 0805210555
X-REF SCATOLOGY 666 0872202208
X-REF SCATOLOGY 666 0553213369
X-REF SCATOLOGY 666 0156724006
X-REF SCATOLOGY 666 0435088637
X-REF SCATOLOGY 666 1558611584
X-REF SCATOLOGY 666 1565842561
X-REF SCATOLOGY 666 0312111517
X-REF SCATOLOGY 666 0393318346
X-REF SCATOLOGY 666 0896086283
X-REF SCATOLOGY 666 0451527747
X-REF SCATOLOGY 666 0486280551
X-REF SCATOLOGY 666 0872204642
X-REF SCATOLOGY 666 0736053638
X-REF SCATOLOGY 666 0743269519
X-REF SCATOLOGY 666 0141439904
X-REF SCATOLOGY 666 037571457X
X-REF SCATOLOGY 666 0131523597
X-REF SCATOLOGY 666 0142437905
X-REF SCATOLOGY 666 0393925315
X-REF SCATOLOGY 666 0312423608
X-REF SCATOLOGY 666 0143039237
X-REF SCATOLOGY 666 0262640643
X-REF SCATOLOGY 666 1844675688
X-REF SCATOLOGY 666 0060891548
X-REF SCATOLOGY 666 074324754X
X-REF SCATOLOGY 666 0393978168
X-REF SCATOLOGY 666 0061233323
X-REF SCATOLOGY 666 0061120146
X-REF SCATOLOGY 666 0143038583
X-REF SCATOLOGY 666 0195339223
X-REF SCATOLOGY 666 0321559576
X-REF SCATOLOGY 666 0312486863
X-REF SCATOLOGY 666 0465010202
X-REF SCATOLOGY 666 1400030846
X-REF SCATOLOGY 666 0312593392
X-REF SCATOLOGY 666 0195314409
X-REF SCATOLOGY 666 0878932259
X-REF SCATOLOGY 666 0440418518
X-REF SCATOLOGY 666 0312539193
X-REF SCATOLOGY 666 1608192075
X-REF SCATOLOGY 666 0312601603
X-REF SCATOLOGY 666 0138008477
X-REF SCATOLOGY 666 0393934411
X-REF SOC  1592138764
X-REF SUMMER MLC 0521683866
